
[-61, -69, -100, -93, -100],14/02/2022 14:49:16
[-69, -70, -100, -88, -100],14/02/2022 14:49:20
[-61, -73, -88, -100, -100],14/02/2022 14:49:24
[-58, -75, -100, -86, -100],14/02/2022 14:49:28
[-66, -75, -100, -87, -100],14/02/2022 14:49:32
[-64, -76, -100, -100, -100],14/02/2022 14:49:36
[-66, -69, -100, -95, -100],14/02/2022 14:49:40
[-69, -70, -91, -92, -100],14/02/2022 14:49:45
[-60, -67, -100, -89, -100],14/02/2022 14:49:49
[-60, -71, -100, -90, -100],14/02/2022 14:49:53
[-61, -74, -93, -90, -100],14/02/2022 14:49:57
[-58, -72, -100, -100, -100],14/02/2022 14:50:01
[-64, -71, -100, -89, -100],14/02/2022 14:50:05
[-63, -71, -100, -90, -100],14/02/2022 14:50:10
[-64, -72, -92, -89, -100],14/02/2022 14:50:14
[-64, -71, -100, -89, -100],14/02/2022 14:50:18
[-61, -71, -100, -100, -100],14/02/2022 14:50:22
[-63, -67, -100, -90, -100],14/02/2022 14:50:26
[-63, -71, -100, -86, -100],14/02/2022 14:50:30
[-56, -71, -100, -87, -100],14/02/2022 14:50:35
[-63, -74, -100, -88, -100],14/02/2022 14:50:39
[-58, -72, -100, -86, -100],14/02/2022 14:50:43
[-61, -70, -100, -90, -100],14/02/2022 14:50:47
[-57, -71, -100, -88, -100],14/02/2022 14:50:51
[-70, -69, -100, -88, -100],14/02/2022 14:50:55
[-60, -82, -89, -100, -100],14/02/2022 14:51:00
[-66, -71, -86, -88, -100],14/02/2022 14:51:04
[-62, -74, -100, -92, -100],14/02/2022 14:51:08
[-64, -73, -100, -88, -100],14/02/2022 14:51:12
[-61, -75, -100, -100, -100],14/02/2022 14:51:16
[-62, -69, -100, -89, -100],14/02/2022 14:51:20
[-65, -71, -100, -100, -100],14/02/2022 14:51:24
[-65, -73, -100, -89, -100],14/02/2022 14:51:29
[-100, -70, -89, -87, -100],14/02/2022 14:51:33
[-62, -71, -100, -89, -100],14/02/2022 14:51:37
[-65, -73, -100, -87, -100],14/02/2022 14:51:41
[-65, -71, -100, -100, -100],14/02/2022 14:51:45
[-65, -71, -100, -100, -100],14/02/2022 14:51:49
[-65, -71, -100, -89, -100],14/02/2022 14:51:54
[-62, -71, -100, -89, -100],14/02/2022 14:51:58
[-67, -69, -100, -100, -100],14/02/2022 14:52:02
[-62, -70, -88, -87, -100],14/02/2022 14:52:06
[-65, -70, -100, -87, -100],14/02/2022 14:52:10
[-62, -77, -88, -100, -100],14/02/2022 14:52:14
[-62, -72, -100, -88, -100],14/02/2022 14:52:18
[-65, -71, -100, -89, -100],14/02/2022 14:52:23
[-65, -69, -100, -90, -100],14/02/2022 14:52:27
[-64, -71, -90, -91, -100],14/02/2022 14:52:31
[-64, -70, -100, -87, -100],14/02/2022 14:52:35
[-65, -74, -100, -90, -100],14/02/2022 14:52:39
[-65, -74, -100, -89, -100],14/02/2022 14:52:43
[-66, -74, -100, -86, -100],14/02/2022 14:52:48
[-65, -72, -100, -86, -100],14/02/2022 14:52:52
[-65, -74, -100, -88, -100],14/02/2022 14:52:56
[-64, -72, -100, -89, -100],14/02/2022 14:53:00
[-65, -74, -100, -88, -100],14/02/2022 14:53:04
[-65, -72, -100, -100, -100],14/02/2022 14:53:09
[-62, -71, -88, -89, -100],14/02/2022 14:53:13
[-62, -70, -90, -90, -100],14/02/2022 14:53:17
[-65, -70, -100, -88, -100],14/02/2022 14:53:21
[-64, -71, -100, -88, -100],14/02/2022 14:53:25
[-62, -73, -100, -89, -100],14/02/2022 14:53:29
[-65, -70, -90, -87, -100],14/02/2022 14:53:33
[-65, -71, -100, -86, -100],14/02/2022 14:53:38
[-65, -69, -90, -88, -100],14/02/2022 14:53:42
[-65, -70, -100, -89, -100],14/02/2022 14:53:46
[-65, -72, -89, -91, -100],14/02/2022 14:53:50
[-64, -74, -100, -87, -100],14/02/2022 14:53:54
[-65, -75, -100, -89, -100],14/02/2022 14:53:58
[-61, -77, -89, -86, -100],14/02/2022 14:54:03
[-62, -73, -100, -92, -100],14/02/2022 14:54:07
[-62, -72, -100, -91, -100],14/02/2022 14:54:11
[-65, -71, -100, -100, -100],14/02/2022 14:54:15
[-62, -71, -100, -90, -100],14/02/2022 14:54:19
[-64, -70, -100, -87, -100],14/02/2022 14:54:23
[-65, -69, -88, -88, -100],14/02/2022 14:54:28
[-64, -75, -100, -89, -100],14/02/2022 14:54:32
[-65, -75, -100, -100, -100],14/02/2022 14:54:36
[-65, -74, -88, -89, -100],14/02/2022 14:54:40
[-65, -74, -100, -86, -100],14/02/2022 14:54:44
[-64, -74, -89, -89, -100],14/02/2022 14:54:48
[-62, -70, -100, -89, -100],14/02/2022 14:54:53
[-65, -70, -100, -88, -100],14/02/2022 14:54:57
[-63, -71, -100, -86, -100],14/02/2022 14:55:01
[-64, -71, -100, -89, -100],14/02/2022 14:55:05
[-65, -70, -100, -87, -100],14/02/2022 14:55:09
[-65, -70, -90, -90, -100],14/02/2022 14:55:13
[-65, -75, -90, -100, -100],14/02/2022 14:55:18
[-65, -74, -88, -92, -100],14/02/2022 14:55:22
[-65, -73, -100, -88, -100],14/02/2022 14:55:26
[-62, -68, -87, -88, -100],14/02/2022 14:55:30
[-65, -71, -100, -87, -100],14/02/2022 14:55:34
[-65, -71, -100, -85, -100],14/02/2022 14:55:38
[-65, -74, -100, -85, -100],14/02/2022 14:55:42
[-64, -73, -100, -88, -100],14/02/2022 14:55:47
[-62, -71, -100, -88, -100],14/02/2022 14:55:51
[-65, -74, -90, -88, -100],14/02/2022 14:55:55
[-65, -71, -91, -88, -100],14/02/2022 14:55:59
[-64, -72, -100, -100, -100],14/02/2022 14:56:03
[-64, -70, -88, -88, -100],14/02/2022 14:56:08
[-65, -73, -100, -89, -100],14/02/2022 14:56:12
[-65, -71, -100, -91, -100],14/02/2022 14:56:16
[-62, -68, -100, -87, -100],14/02/2022 14:56:20
[-64, -70, -87, -90, -100],14/02/2022 14:56:24
[-64, -70, -100, -89, -100],14/02/2022 14:56:28
[-65, -72, -100, -87, -100],14/02/2022 14:56:32
[-65, -71, -100, -90, -100],14/02/2022 14:56:37
[-62, -71, -90, -86, -100],14/02/2022 14:56:41
[-62, -69, -89, -100, -100],14/02/2022 14:56:45
[-65, -76, -100, -91, -100],14/02/2022 14:56:49
[-61, -71, -100, -100, -100],14/02/2022 14:56:53
[-63, -74, -100, -88, -100],14/02/2022 14:56:57
[-65, -70, -100, -87, -100],14/02/2022 14:57:02
[-64, -70, -100, -89, -100],14/02/2022 14:57:06
[-62, -71, -88, -88, -100],14/02/2022 14:57:10
[-64, -71, -100, -90, -100],14/02/2022 14:57:14
[-64, -72, -87, -100, -100],14/02/2022 14:57:18
[-65, -72, -89, -87, -100],14/02/2022 14:57:23
[-65, -74, -87, -86, -100],14/02/2022 14:57:28
[-64, -76, -90, -90, -100],14/02/2022 14:57:31
[-65, -73, -100, -100, -100],14/02/2022 14:57:35
[-64, -74, -100, -89, -100],14/02/2022 14:57:39
[-64, -71, -100, -100, -100],14/02/2022 14:57:43
[-61, -72, -93, -87, -100],14/02/2022 14:57:48
[-62, -80, -90, -89, -100],14/02/2022 14:57:52
[-60, -69, -100, -100, -100],14/02/2022 14:57:56
[-60, -80, -100, -100, -100],14/02/2022 14:58:00
[-74, -69, -100, -100, -100],14/02/2022 14:58:04
[-65, -66, -100, -100, -100],14/02/2022 14:58:08
[-65, -71, -100, -100, -100],14/02/2022 14:58:13
[-66, -74, -100, -100, -100],14/02/2022 14:58:17
[-74, -79, -100, -87, -100],14/02/2022 14:58:21
[-65, -69, -100, -86, -100],14/02/2022 14:58:25
[-63, -70, -100, -100, -100],14/02/2022 14:58:29
[-60, -67, -100, -87, -100],14/02/2022 14:58:33
[-63, -70, -100, -89, -100],14/02/2022 14:58:37
[-63, -69, -100, -86, -100],14/02/2022 14:58:42
[-65, -77, -100, -89, -100],14/02/2022 14:58:46
[-68, -77, -100, -91, -100],14/02/2022 14:58:50
[-67, -72, -100, -88, -100],14/02/2022 14:58:54
[-63, -70, -100, -89, -100],14/02/2022 14:58:58
[-64, -76, -100, -88, -100],14/02/2022 14:59:02
[-67, -70, -100, -87, -100],14/02/2022 14:59:07
[-67, -70, -100, -89, -100],14/02/2022 14:59:11
[-64, -72, -100, -100, -100],14/02/2022 14:59:15
[-63, -70, -100, -86, -100],14/02/2022 14:59:19
[-64, -77, -100, -100, -100],14/02/2022 14:59:23
[-64, -76, -100, -90, -100],14/02/2022 14:59:27
[-63, -76, -100, -89, -100],14/02/2022 14:59:31
[-65, -77, -100, -87, -100],14/02/2022 14:59:36
[-64, -75, -100, -100, -100],14/02/2022 14:59:40
[-67, -76, -100, -89, -100],14/02/2022 14:59:44
[-65, -70, -100, -89, -100],14/02/2022 14:59:48
[-67, -71, -100, -89, -100],14/02/2022 14:59:52
[-65, -70, -100, -100, -100],14/02/2022 14:59:57
[-63, -78, -100, -88, -100],14/02/2022 15:00:01
[-67, -71, -100, -87, -100],14/02/2022 15:00:05
[-65, -71, -89, -90, -100],14/02/2022 15:00:09
[-64, -71, -100, -86, -100],14/02/2022 15:00:13
[-68, -71, -90, -89, -100],14/02/2022 15:00:17
[-66, -71, -100, -89, -100],14/02/2022 15:00:22
[-63, -76, -100, -87, -100],14/02/2022 15:00:26
[-64, -71, -100, -88, -100],14/02/2022 15:00:30
[-64, -77, -100, -89, -100],14/02/2022 15:00:34
[-63, -77, -100, -89, -100],14/02/2022 15:00:38
[-65, -72, -100, -88, -100],14/02/2022 15:00:42
[-64, -73, -100, -87, -100],14/02/2022 15:00:46
[-66, -69, -100, -89, -100],14/02/2022 15:00:51
[-64, -70, -100, -91, -100],14/02/2022 15:00:55
[-64, -73, -100, -87, -100],14/02/2022 15:00:59
[-64, -76, -100, -88, -100],14/02/2022 15:01:03
[-67, -72, -100, -100, -100],14/02/2022 15:01:07
[-67, -76, -89, -89, -100],14/02/2022 15:01:11
[-65, -76, -100, -89, -100],14/02/2022 15:01:16
[-63, -73, -91, -87, -100],14/02/2022 15:01:20
[-64, -71, -100, -86, -100],14/02/2022 15:01:24
[-64, -70, -89, -87, -100],14/02/2022 15:01:28
[-68, -70, -100, -100, -100],14/02/2022 15:01:32
[-65, -73, -100, -100, -100],14/02/2022 15:01:36
[-63, -75, -100, -86, -100],14/02/2022 15:01:41
[-64, -77, -100, -88, -100],14/02/2022 15:01:45
[-65, -76, -100, -88, -100],14/02/2022 15:01:49
[-64, -76, -100, -88, -100],14/02/2022 15:01:53
[-67, -76, -100, -91, -100],14/02/2022 15:01:57
[-63, -70, -100, -100, -100],14/02/2022 15:02:01
[-63, -70, -100, -88, -100],14/02/2022 15:02:06
[-64, -70, -100, -86, -100],14/02/2022 15:02:10
[-65, -71, -100, -87, -100],14/02/2022 15:02:14
[-63, -77, -100, -89, -100],14/02/2022 15:02:18
[-64, -76, -100, -89, -100],14/02/2022 15:02:22
[-67, -73, -100, -88, -100],14/02/2022 15:02:26
[-64, -71, -89, -89, -100],14/02/2022 15:02:31
[-67, -72, -100, -88, -100],14/02/2022 15:02:35
[-64, -69, -100, -88, -100],14/02/2022 15:02:39
[-64, -70, -100, -87, -100],14/02/2022 15:02:43
[-64, -70, -100, -87, -100],14/02/2022 15:02:47
[-63, -71, -100, -100, -100],14/02/2022 15:02:51
[-66, -71, -100, -88, -100],14/02/2022 15:02:56
[-64, -71, -100, -100, -100],14/02/2022 15:03:00
[-63, -69, -89, -88, -100],14/02/2022 15:03:04
[-64, -72, -100, -87, -100],14/02/2022 15:03:08
[-64, -72, -100, -100, -100],14/02/2022 15:03:12
[-64, -74, -100, -90, -100],14/02/2022 15:03:16
[-63, -69, -100, -100, -100],14/02/2022 15:03:21
[-63, -78, -100, -86, -100],14/02/2022 15:03:25
[-68, -74, -100, -90, -100],14/02/2022 15:03:29
[-63, -75, -100, -87, -100],14/02/2022 15:03:33
[-64, -70, -100, -88, -100],14/02/2022 15:03:37
[-64, -75, -100, -89, -100],14/02/2022 15:03:41
[-67, -71, -100, -92, -100],14/02/2022 15:03:46
[-67, -67, -100, -87, -100],14/02/2022 15:03:50
[-63, -70, -100, -88, -100],14/02/2022 15:03:54
[-67, -76, -100, -88, -100],14/02/2022 15:03:58
[-67, -78, -100, -100, -100],14/02/2022 15:04:02
[-68, -76, -100, -100, -100],14/02/2022 15:04:06
[-67, -76, -100, -100, -100],14/02/2022 15:04:10
[-64, -72, -100, -89, -100],14/02/2022 15:04:15
[-63, -72, -100, -91, -100],14/02/2022 15:04:19
[-67, -72, -100, -100, -100],14/02/2022 15:04:23
[-67, -72, -100, -100, -100],14/02/2022 15:04:27
[-63, -71, -100, -91, -100],14/02/2022 15:04:31
[-68, -76, -100, -91, -100],14/02/2022 15:04:35
[-63, -78, -100, -87, -100],14/02/2022 15:04:40
[-67, -77, -100, -100, -100],14/02/2022 15:04:44
[-64, -76, -100, -88, -100],14/02/2022 15:04:48
[-64, -76, -100, -100, -100],14/02/2022 15:04:52
[-64, -69, -100, -100, -100],14/02/2022 15:04:56
[-67, -70, -100, -100, -100],14/02/2022 15:05:00
[-63, -68, -100, -100, -100],14/02/2022 15:05:05
[-63, -69, -100, -88, -100],14/02/2022 15:05:09
[-64, -77, -100, -88, -100],14/02/2022 15:05:13
[-62, -75, -100, -100, -100],14/02/2022 15:05:17
[-63, -69, -89, -88, -100],14/02/2022 15:05:21
[-63, -74, -100, -89, -100],14/02/2022 15:05:25
[-66, -71, -100, -100, -100],14/02/2022 15:05:30
[-64, -72, -100, -88, -100],14/02/2022 15:05:34
[-64, -72, -100, -88, -100],14/02/2022 15:05:38
[-64, -71, -100, -100, -100],14/02/2022 15:05:42
[-65, -68, -100, -88, -100],14/02/2022 15:05:46
[-64, -71, -100, -100, -100],14/02/2022 15:05:50
[-64, -77, -100, -90, -100],14/02/2022 15:05:55
[-63, -70, -100, -88, -100],14/02/2022 15:05:59
[-63, -75, -100, -89, -100],14/02/2022 15:06:03
[-64, -76, -100, -100, -100],14/02/2022 15:06:07
[-63, -71, -100, -87, -100],14/02/2022 15:06:11
[-63, -70, -100, -89, -100],14/02/2022 15:06:15
[-63, -69, -100, -88, -100],14/02/2022 15:06:19
[-67, -70, -100, -100, -100],14/02/2022 15:06:24
[-66, -77, -100, -100, -100],14/02/2022 15:06:28
[-67, -76, -100, -86, -100],14/02/2022 15:06:32
[-63, -78, -100, -90, -100],14/02/2022 15:06:36
[-66, -72, -100, -88, -100],14/02/2022 15:06:40
[-63, -77, -100, -88, -100],14/02/2022 15:06:45
[-63, -75, -100, -88, -100],14/02/2022 15:06:49
[-64, -69, -100, -89, -100],14/02/2022 15:06:53
[-64, -69, -88, -100, -100],14/02/2022 15:06:57
[-64, -73, -100, -100, -100],14/02/2022 15:07:01
[-62, -69, -100, -88, -100],14/02/2022 15:07:05
[-63, -77, -100, -100, -100],14/02/2022 15:07:10
[-63, -75, -100, -100, -100],14/02/2022 15:07:14
[-100, -77, -100, -88, -100],14/02/2022 15:07:18
[-63, -77, -100, -100, -100],14/02/2022 15:07:22
[-64, -77, -100, -87, -100],14/02/2022 15:07:26
[-64, -70, -100, -88, -100],14/02/2022 15:07:30
[-63, -67, -100, -88, -100],14/02/2022 15:07:35
[-65, -69, -100, -89, -100],14/02/2022 15:07:39
[-64, -70, -100, -87, -100],14/02/2022 15:07:43
[-63, -79, -100, -89, -100],14/02/2022 15:07:47
[-64, -71, -89, -87, -100],14/02/2022 15:07:51
[-63, -72, -100, -88, -100],14/02/2022 15:07:55
[-64, -72, -100, -89, -100],14/02/2022 15:07:59
[-67, -72, -100, -87, -100],14/02/2022 15:08:04
[-66, -76, -90, -89, -100],14/02/2022 15:08:08
[-64, -77, -100, -90, -100],14/02/2022 15:08:12
[-66, -77, -100, -88, -100],14/02/2022 15:08:16
[-64, -77, -100, -90, -100],14/02/2022 15:08:20
[-64, -72, -100, -89, -100],14/02/2022 15:08:24
[-67, -71, -90, -100, -100],14/02/2022 15:08:29
[-63, -73, -91, -88, -100],14/02/2022 15:08:33
[-63, -71, -89, -88, -100],14/02/2022 15:08:37
[-63, -72, -92, -88, -100],14/02/2022 15:08:41
[-63, -70, -90, -88, -100],14/02/2022 15:08:45
[-63, -77, -90, -100, -100],14/02/2022 15:08:50
[-63, -72, -100, -87, -100],14/02/2022 15:08:54
[-63, -76, -100, -89, -100],14/02/2022 15:08:58
[-64, -76, -100, -87, -100],14/02/2022 15:09:02
[-64, -70, -100, -88, -100],14/02/2022 15:09:06
[-63, -71, -100, -89, -100],14/02/2022 15:09:10
[-64, -70, -100, -87, -100],14/02/2022 15:09:15
[-64, -70, -87, -89, -100],14/02/2022 15:09:19
[-63, -76, -100, -86, -100],14/02/2022 15:09:23
[-63, -77, -100, -88, -100],14/02/2022 15:09:27
[-64, -76, -89, -90, -100],14/02/2022 15:09:31
[-64, -76, -100, -90, -100],14/02/2022 15:09:35
[-64, -76, -90, -100, -100],14/02/2022 15:09:40
[-67, -77, -100, -87, -100],14/02/2022 15:09:44
[-67, -69, -100, -88, -100],14/02/2022 15:09:48
[-67, -70, -100, -90, -100],14/02/2022 15:09:52
[-63, -70, -100, -87, -100],14/02/2022 15:09:56
[-63, -70, -100, -88, -100],14/02/2022 15:10:01
[-63, -77, -100, -87, -100],14/02/2022 15:10:05
[-63, -72, -90, -100, -100],14/02/2022 15:10:09
[-64, -76, -100, -90, -100],14/02/2022 15:10:13
[-63, -72, -100, -90, -100],14/02/2022 15:10:17
[-66, -76, -88, -87, -100],14/02/2022 15:10:21
[-63, -69, -100, -88, -100],14/02/2022 15:10:25
[-66, -77, -100, -89, -100],14/02/2022 15:10:30
[-67, -69, -90, -100, -100],14/02/2022 15:10:34
[-67, -77, -91, -88, -100],14/02/2022 15:10:38
[-63, -70, -90, -88, -100],14/02/2022 15:10:42
[-67, -70, -100, -89, -100],14/02/2022 15:10:46
[-64, -72, -100, -89, -100],14/02/2022 15:10:50
[-64, -72, -100, -87, -100],14/02/2022 15:10:55
[-64, -72, -100, -88, -100],14/02/2022 15:10:59
[-63, -69, -100, -88, -100],14/02/2022 15:11:03
[-64, -70, -100, -93, -100],14/02/2022 15:11:07
[-62, -69, -88, -88, -100],14/02/2022 15:11:11
[-64, -76, -100, -100, -100],14/02/2022 15:11:15
[-67, -76, -100, -87, -100],14/02/2022 15:11:19
[-63, -71, -100, -89, -100],14/02/2022 15:11:24
[-64, -71, -100, -92, -100],14/02/2022 15:11:28
[-63, -73, -100, -89, -100],14/02/2022 15:11:32
[-63, -72, -100, -100, -100],14/02/2022 15:11:36
[-67, -72, -100, -89, -100],14/02/2022 15:11:40
[-67, -76, -90, -87, -100],14/02/2022 15:11:45
[-67, -76, -100, -90, -100],14/02/2022 15:11:49
[-64, -77, -90, -91, -100],14/02/2022 15:11:53
[-64, -76, -91, -90, -100],14/02/2022 15:11:57
[-60, -70, -100, -92, -100],14/02/2022 15:12:01
[-64, -69, -100, -90, -100],14/02/2022 15:12:06
[-63, -69, -100, -89, -100],14/02/2022 15:12:10
[-65, -70, -100, -100, -100],14/02/2022 15:12:14
[-63, -70, -100, -85, -100],14/02/2022 15:12:18
[-63, -72, -89, -100, -100],14/02/2022 15:12:22
[-67, -72, -100, -89, -100],14/02/2022 15:12:26
[-63, -71, -100, -100, -100],14/02/2022 15:12:30
[-67, -70, -100, -89, -100],14/02/2022 15:12:35
[-67, -73, -100, -90, -100],14/02/2022 15:12:39
[-64, -76, -100, -100, -100],14/02/2022 15:12:43
[-64, -71, -89, -90, -100],14/02/2022 15:12:47
[-67, -71, -100, -89, -100],14/02/2022 15:12:51
[-66, -70, -93, -88, -100],14/02/2022 15:12:56
[-64, -73, -100, -91, -100],14/02/2022 15:13:00
[-64, -72, -100, -89, -100],14/02/2022 15:13:04
[-64, -71, -88, -100, -100],14/02/2022 15:13:08
[-64, -72, -91, -100, -100],14/02/2022 15:13:12
[-64, -69, -100, -89, -100],14/02/2022 15:13:16
[-67, -70, -100, -88, -100],14/02/2022 15:13:20
[-67, -70, -93, -89, -100],14/02/2022 15:13:25
[-64, -69, -100, -100, -100],14/02/2022 15:13:29
[-66, -70, -91, -100, -100],14/02/2022 15:13:33
[-67, -71, -100, -89, -100],14/02/2022 15:13:37
[-64, -70, -100, -91, -100],14/02/2022 15:13:41
[-64, -72, -88, -92, -100],14/02/2022 15:13:45
[-64, -72, -91, -87, -100],14/02/2022 15:13:49
[-64, -72, -100, -91, -100],14/02/2022 15:13:54
[-67, -70, -100, -91, -100],14/02/2022 15:13:58
[-63, -70, -100, -89, -100],14/02/2022 15:14:02
[-64, -80, -87, -91, -100],14/02/2022 15:14:06
[-66, -71, -90, -90, -100],14/02/2022 15:14:11
[-64, -78, -100, -100, -100],14/02/2022 15:14:15
[-64, -71, -100, -91, -100],14/02/2022 15:14:19
[-66, -71, -100, -88, -100],14/02/2022 15:14:23
[-63, -71, -100, -91, -100],14/02/2022 15:14:27
[-64, -100, -100, -92, -100],14/02/2022 15:14:31
[-66, -70, -100, -92, -100],14/02/2022 15:14:35
[-64, -71, -100, -91, -100],14/02/2022 15:14:39
[-64, -71, -91, -100, -100],14/02/2022 15:14:44
[-67, -71, -89, -90, -100],14/02/2022 15:14:48
[-64, -71, -90, -89, -100],14/02/2022 15:14:52
[-66, -69, -100, -90, -100],14/02/2022 15:14:56
[-64, -78, -100, -100, -100],14/02/2022 15:15:00
[-63, -70, -100, -91, -100],14/02/2022 15:15:04
[-64, -78, -100, -88, -100],14/02/2022 15:15:09
[-64, -70, -100, -88, -100],14/02/2022 15:15:13
[-64, -71, -100, -91, -100],14/02/2022 15:15:17
[-64, -69, -100, -90, -100],14/02/2022 15:15:21
[-64, -71, -100, -89, -100],14/02/2022 15:15:25
[-66, -71, -89, -90, -100],14/02/2022 15:15:30
[-64, -70, -100, -89, -100],14/02/2022 15:15:34
[-66, -80, -100, -100, -100],14/02/2022 15:15:38
[-63, -80, -100, -90, -100],14/02/2022 15:15:42
[-63, -79, -90, -88, -100],14/02/2022 15:15:46
[-63, -78, -100, -89, -100],14/02/2022 15:15:50
[-63, -71, -100, -92, -100],14/02/2022 15:15:54
[-63, -69, -100, -100, -100],14/02/2022 15:15:59
[-63, -69, -100, -87, -100],14/02/2022 15:16:03
[-67, -69, -100, -100, -100],14/02/2022 15:16:07
[-64, -78, -100, -91, -100],14/02/2022 15:16:11
[-66, -71, -100, -87, -100],14/02/2022 15:16:15
[-63, -78, -100, -89, -100],14/02/2022 15:16:19
[-67, -78, -100, -88, -100],14/02/2022 15:16:24
[-63, -76, -100, -87, -100],14/02/2022 15:16:28
[-66, -70, -100, -89, -100],14/02/2022 15:16:32
[-63, -69, -91, -90, -100],14/02/2022 15:16:36
[-64, -70, -100, -89, -100],14/02/2022 15:16:40
[-66, -69, -91, -100, -100],14/02/2022 15:16:44
[-64, -70, -89, -88, -100],14/02/2022 15:16:49
[-100, -77, -100, -90, -100],14/02/2022 15:16:53
[-67, -77, -100, -87, -100],14/02/2022 15:16:57
[-63, -69, -100, -89, -100],14/02/2022 15:17:01
[-66, -78, -100, -90, -100],14/02/2022 15:17:05
[-64, -71, -100, -88, -100],14/02/2022 15:17:09
[-63, -68, -100, -90, -100],14/02/2022 15:17:14
[-63, -69, -100, -90, -100],14/02/2022 15:17:18
[-63, -77, -100, -89, -100],14/02/2022 15:17:22
[-63, -71, -100, -100, -100],14/02/2022 15:17:26
[-64, -69, -100, -88, -100],14/02/2022 15:17:30
[-66, -71, -100, -90, -100],14/02/2022 15:17:34
[-64, -71, -100, -100, -100],14/02/2022 15:17:39
[-67, -71, -100, -94, -100],14/02/2022 15:17:43
[-64, -71, -100, -100, -100],14/02/2022 15:17:47
[-67, -78, -89, -89, -100],14/02/2022 15:17:51
[-66, -69, -100, -100, -100],14/02/2022 15:17:55
[-64, -78, -100, -92, -100],14/02/2022 15:17:59
[-63, -70, -90, -92, -100],14/02/2022 15:18:04
[-64, -71, -100, -100, -100],14/02/2022 15:18:08
[-64, -70, -100, -100, -100],14/02/2022 15:18:12
[-67, -71, -100, -100, -100],14/02/2022 15:18:16
[-63, -71, -100, -92, -100],14/02/2022 15:18:20
[-63, -71, -100, -100, -100],14/02/2022 15:18:24
[-66, -71, -100, -88, -100],14/02/2022 15:18:28
[-63, -69, -100, -88, -100],14/02/2022 15:18:33
[-66, -69, -100, -88, -100],14/02/2022 15:18:37
[-66, -69, -89, -89, -100],14/02/2022 15:18:41
[-63, -77, -88, -87, -100],14/02/2022 15:18:45
[-64, -70, -100, -90, -100],14/02/2022 15:18:50
[-66, -70, -100, -93, -100],14/02/2022 15:18:54
[-64, -69, -100, -91, -100],14/02/2022 15:18:58
[-64, -68, -100, -89, -100],14/02/2022 15:19:02
[-67, -70, -87, -92, -100],14/02/2022 15:19:06
[-63, -70, -100, -90, -100],14/02/2022 15:19:10
[-63, -78, -100, -89, -100],14/02/2022 15:19:15
[-64, -70, -89, -89, -100],14/02/2022 15:19:19
[-64, -76, -100, -88, -100],14/02/2022 15:19:23
[-64, -77, -100, -89, -100],14/02/2022 15:19:27
[-64, -69, -100, -89, -100],14/02/2022 15:19:31
[-66, -70, -100, -88, -100],14/02/2022 15:19:35
[-67, -70, -100, -90, -100],14/02/2022 15:19:39
[-64, -69, -100, -100, -100],14/02/2022 15:19:44
[-66, -74, -100, -89, -100],14/02/2022 15:19:48
[-66, -78, -91, -93, -100],14/02/2022 15:19:52
[-63, -72, -100, -100, -100],14/02/2022 15:19:56
[-67, -80, -100, -95, -100],14/02/2022 15:20:00
[-63, -73, -100, -88, -100],14/02/2022 15:20:05
[-62, -71, -92, -89, -100],14/02/2022 15:20:09
[-64, -70, -100, -86, -100],14/02/2022 15:20:13
[-64, -69, -100, -91, -100],14/02/2022 15:20:17
[-63, -70, -100, -92, -100],14/02/2022 15:20:21
[-63, -69, -87, -95, -100],14/02/2022 15:20:25
[-63, -71, -100, -88, -100],14/02/2022 15:20:29
[-68, -71, -89, -88, -100],14/02/2022 15:20:34
[-63, -70, -100, -86, -100],14/02/2022 15:20:38
[-66, -71, -100, -87, -100],14/02/2022 15:20:42
[-64, -76, -100, -91, -100],14/02/2022 15:20:46
[-63, -75, -100, -100, -100],14/02/2022 15:20:50
[-67, -78, -89, -100, -100],14/02/2022 15:20:54
[-65, -72, -100, -90, -100],14/02/2022 15:20:59
[-64, -79, -91, -87, -100],14/02/2022 15:21:03
[-65, -69, -100, -90, -100],14/02/2022 15:21:07
[-67, -69, -100, -90, -100],14/02/2022 15:21:11
[-64, -70, -89, -100, -100],14/02/2022 15:21:15
[-67, -78, -100, -88, -100],14/02/2022 15:21:20
[-67, -78, -88, -90, -100],14/02/2022 15:21:24
[-63, -70, -100, -88, -100],14/02/2022 15:21:28
[-64, -72, -100, -88, -100],14/02/2022 15:21:32
[-63, -71, -100, -88, -100],14/02/2022 15:21:36
[-64, -72, -90, -87, -100],14/02/2022 15:21:40
[-68, -70, -100, -91, -100],14/02/2022 15:21:45
[-67, -72, -100, -87, -100],14/02/2022 15:21:49
[-63, -72, -100, -91, -100],14/02/2022 15:21:53
[-64, -79, -100, -88, -100],14/02/2022 15:21:57
[-64, -77, -100, -88, -100],14/02/2022 15:22:01
[-67, -74, -100, -100, -100],14/02/2022 15:22:06
[-63, -77, -100, -100, -100],14/02/2022 15:22:09
[-63, -69, -88, -100, -100],14/02/2022 15:22:14
[-64, -70, -91, -89, -100],14/02/2022 15:22:18
[-64, -72, -100, -88, -100],14/02/2022 15:22:22
[-63, -79, -100, -90, -100],14/02/2022 15:22:26
[-66, -78, -100, -88, -100],14/02/2022 15:22:31
[-66, -78, -100, -89, -100],14/02/2022 15:22:35
[-67, -78, -100, -100, -100],14/02/2022 15:22:39
[-63, -69, -100, -89, -100],14/02/2022 15:22:43
[-63, -70, -100, -87, -100],14/02/2022 15:22:47
[-67, -72, -100, -87, -100],14/02/2022 15:22:51
[-63, -70, -89, -86, -100],14/02/2022 15:22:55
[-67, -72, -92, -87, -100],14/02/2022 15:23:00
[-63, -78, -100, -89, -100],14/02/2022 15:23:04
[-66, -78, -100, -100, -100],14/02/2022 15:23:08
[-64, -78, -88, -91, -100],14/02/2022 15:23:12
[-66, -69, -100, -87, -100],14/02/2022 15:23:16
[-67, -80, -100, -88, -100],14/02/2022 15:23:20
[-63, -73, -100, -87, -100],14/02/2022 15:23:24
[-63, -70, -88, -89, -100],14/02/2022 15:23:29
[-64, -69, -100, -89, -100],14/02/2022 15:23:33
[-64, -72, -89, -89, -100],14/02/2022 15:23:37
[-64, -78, -100, -100, -100],14/02/2022 15:23:41
[-66, -79, -100, -89, -100],14/02/2022 15:23:45
[-64, -78, -100, -88, -100],14/02/2022 15:23:49
[-64, -72, -100, -87, -100],14/02/2022 15:23:54
[-67, -79, -100, -91, -100],14/02/2022 15:23:58
[-67, -72, -100, -87, -100],14/02/2022 15:24:02
[-66, -71, -100, -100, -100],14/02/2022 15:24:06
[-64, -71, -100, -88, -100],14/02/2022 15:24:10
[-63, -69, -100, -100, -100],14/02/2022 15:24:14
[-63, -69, -100, -90, -100],14/02/2022 15:24:19
[-63, -79, -88, -100, -100],14/02/2022 15:24:23
[-64, -72, -100, -90, -100],14/02/2022 15:24:27
[-67, -78, -100, -89, -100],14/02/2022 15:24:31
[-63, -78, -100, -90, -100],14/02/2022 15:24:35
[-65, -70, -100, -100, -100],14/02/2022 15:24:39
[-64, -70, -100, -89, -100],14/02/2022 15:24:44
[-67, -70, -100, -90, -100],14/02/2022 15:24:48
[-64, -72, -100, -100, -100],14/02/2022 15:24:52
[-67, -69, -100, -100, -100],14/02/2022 15:24:56
[-63, -79, -91, -100, -100],14/02/2022 15:25:00
[-64, -78, -100, -87, -100],14/02/2022 15:25:04
[-63, -69, -100, -87, -100],14/02/2022 15:25:09
[-63, -78, -100, -100, -100],14/02/2022 15:25:13
[-64, -77, -100, -88, -100],14/02/2022 15:25:17
[-63, -69, -100, -87, -100],14/02/2022 15:25:21
[-64, -68, -100, -89, -100],14/02/2022 15:25:25
[-67, -71, -100, -87, -100],14/02/2022 15:25:29
[-64, -69, -100, -100, -100],14/02/2022 15:25:33
[-64, -78, -100, -87, -100],14/02/2022 15:25:38
[-68, -72, -100, -90, -100],14/02/2022 15:25:42
[-67, -78, -100, -100, -100],14/02/2022 15:25:46
[-67, -78, -100, -100, -100],14/02/2022 15:25:50
[-64, -71, -100, -88, -100],14/02/2022 15:25:54
[-67, -69, -100, -88, -100],14/02/2022 15:25:59
[-67, -72, -100, -91, -100],14/02/2022 15:26:03
[-67, -69, -100, -88, -100],14/02/2022 15:26:07
[-68, -68, -100, -89, -100],14/02/2022 15:26:11
[-67, -69, -100, -100, -100],14/02/2022 15:26:15
[-64, -72, -100, -88, -100],14/02/2022 15:26:19
[-64, -78, -100, -100, -100],14/02/2022 15:26:24
[-67, -71, -100, -100, -100],14/02/2022 15:26:28
[-64, -77, -100, -100, -100],14/02/2022 15:26:32
[-64, -69, -100, -89, -100],14/02/2022 15:26:36
[-64, -78, -100, -89, -100],14/02/2022 15:26:40
[-64, -70, -100, -100, -100],14/02/2022 15:26:44
[-64, -68, -100, -87, -100],14/02/2022 15:26:48
[-64, -70, -100, -100, -100],14/02/2022 15:26:53
[-63, -72, -100, -88, -100],14/02/2022 15:26:57
[-68, -77, -100, -100, -100],14/02/2022 15:27:01
[-63, -82, -100, -90, -100],14/02/2022 15:27:05
[-64, -79, -89, -87, -100],14/02/2022 15:27:09
[-64, -78, -90, -89, -100],14/02/2022 15:27:14
[-63, -69, -100, -88, -100],14/02/2022 15:27:18
[-67, -69, -100, -88, -100],14/02/2022 15:27:22
[-64, -69, -100, -90, -100],14/02/2022 15:27:26
[-64, -70, -100, -86, -100],14/02/2022 15:27:30
[-63, -79, -100, -91, -100],14/02/2022 15:27:34
[-64, -73, -100, -88, -100],14/02/2022 15:27:39
[-66, -74, -100, -100, -100],14/02/2022 15:27:43
[-63, -78, -87, -90, -100],14/02/2022 15:27:47
[-66, -77, -100, -89, -100],14/02/2022 15:27:51
[-64, -69, -100, -90, -100],14/02/2022 15:27:55
[-64, -68, -100, -89, -100],14/02/2022 15:27:59
[-63, -68, -100, -100, -100],14/02/2022 15:28:03
[-63, -68, -86, -100, -100],14/02/2022 15:28:07
[-63, -69, -100, -100, -100],14/02/2022 15:28:12
[-64, -71, -100, -100, -100],14/02/2022 15:28:16
[-67, -70, -100, -100, -100],14/02/2022 15:28:20
[-67, -79, -100, -89, -100],14/02/2022 15:28:24
[-66, -72, -100, -100, -100],14/02/2022 15:28:28
[-64, -71, -100, -92, -100],14/02/2022 15:28:33
[-68, -69, -100, -100, -100],14/02/2022 15:28:37
[-63, -81, -100, -100, -100],14/02/2022 15:28:41
[-68, -68, -100, -100, -100],14/02/2022 15:28:45
[-67, -68, -87, -100, -100],14/02/2022 15:28:50
[-63, -76, -100, -100, -100],14/02/2022 15:28:54
[-63, -71, -100, -100, -100],14/02/2022 15:28:58
[-63, -71, -100, -100, -100],14/02/2022 15:29:02
[-63, -71, -89, -91, -100],14/02/2022 15:29:06
[-63, -72, -100, -100, -100],14/02/2022 15:29:10
[-67, -68, -85, -100, -100],14/02/2022 15:29:14
[-64, -79, -100, -100, -100],14/02/2022 15:29:18
[-63, -66, -100, -100, -100],14/02/2022 15:29:22
[-68, -80, -100, -93, -100],14/02/2022 15:29:27
[-64, -68, -100, -100, -100],14/02/2022 15:29:31
[-67, -72, -100, -89, -100],14/02/2022 15:29:35
[-64, -72, -100, -100, -100],14/02/2022 15:29:39
[-68, -67, -100, -100, -100],14/02/2022 15:29:44
[-64, -67, -100, -92, -100],14/02/2022 15:29:47
[-63, -81, -100, -100, -100],14/02/2022 15:29:52
[-67, -79, -100, -90, -100],14/02/2022 15:29:56
[-63, -78, -100, -100, -100],14/02/2022 15:30:00
[-64, -79, -100, -90, -100],14/02/2022 15:30:04
[-66, -77, -100, -89, -100],14/02/2022 15:30:08
[-63, -69, -100, -91, -100],14/02/2022 15:30:13
[-63, -71, -100, -86, -100],14/02/2022 15:30:17
[-63, -68, -100, -90, -100],14/02/2022 15:30:21
[-64, -69, -100, -100, -100],14/02/2022 15:30:25
[-63, -67, -100, -100, -100],14/02/2022 15:30:29
[-64, -78, -100, -92, -100],14/02/2022 15:30:33
[-64, -68, -100, -90, -100],14/02/2022 15:30:37
[-64, -79, -100, -100, -100],14/02/2022 15:30:42
[-64, -70, -90, -94, -100],14/02/2022 15:30:46
[-63, -71, -100, -90, -100],14/02/2022 15:30:50
[-64, -72, -100, -100, -100],14/02/2022 15:30:54
[-67, -70, -100, -100, -100],14/02/2022 15:30:58
[-63, -73, -100, -100, -100],14/02/2022 15:31:02
[-67, -72, -100, -100, -100],14/02/2022 15:31:07
[-64, -80, -100, -100, -100],14/02/2022 15:31:11
[-67, -79, -100, -91, -100],14/02/2022 15:31:15
[-68, -67, -100, -100, -100],14/02/2022 15:31:19
[-66, -66, -100, -100, -100],14/02/2022 15:31:23
[-66, -72, -100, -100, -100],14/02/2022 15:31:27
[-68, -83, -100, -100, -100],14/02/2022 15:31:32
[-64, -68, -100, -100, -100],14/02/2022 15:31:36
[-67, -78, -100, -100, -100],14/02/2022 15:31:40
[-67, -72, -100, -89, -100],14/02/2022 15:31:44
[-66, -66, -100, -94, -100],14/02/2022 15:31:48
[-63, -68, -100, -90, -100],14/02/2022 15:31:53
[-64, -71, -100, -100, -100],14/02/2022 15:31:57
[-66, -67, -100, -100, -100],14/02/2022 15:32:01
[-63, -79, -100, -93, -100],14/02/2022 15:32:05
[-63, -71, -100, -100, -100],14/02/2022 15:32:09
[-62, -73, -89, -100, -100],14/02/2022 15:32:13
[-68, -71, -100, -91, -100],14/02/2022 15:32:18
[-68, -72, -100, -100, -100],14/02/2022 15:32:21
[-63, -80, -100, -88, -100],14/02/2022 15:32:26
[-64, -67, -100, -90, -100],14/02/2022 15:32:30
[-68, -79, -100, -100, -100],14/02/2022 15:32:34
[-68, -66, -100, -100, -100],14/02/2022 15:32:38
[-67, -77, -100, -100, -100],14/02/2022 15:32:42
[-68, -72, -100, -100, -100],14/02/2022 15:32:47
[-64, -69, -100, -90, -100],14/02/2022 15:32:51
[-64, -72, -100, -100, -100],14/02/2022 15:32:55
[-64, -68, -86, -100, -100],14/02/2022 15:32:59
[-63, -73, -100, -88, -100],14/02/2022 15:33:03
[-67, -78, -100, -100, -100],14/02/2022 15:33:07
[-67, -80, -100, -100, -100],14/02/2022 15:33:12
[-63, -71, -100, -100, -100],14/02/2022 15:33:16
[-64, -78, -100, -93, -100],14/02/2022 15:33:20
[-68, -66, -100, -100, -100],14/02/2022 15:33:24
[-68, -68, -100, -90, -100],14/02/2022 15:33:28
[-67, -68, -100, -89, -100],14/02/2022 15:33:32
[-65, -68, -100, -89, -100],14/02/2022 15:33:37
[-64, -68, -100, -91, -100],14/02/2022 15:33:41
[-64, -80, -100, -100, -100],14/02/2022 15:33:45
[-63, -79, -100, -100, -100],14/02/2022 15:33:49
[-64, -79, -100, -100, -100],14/02/2022 15:33:53
[-63, -80, -100, -88, -100],14/02/2022 15:33:57
[-64, -79, -100, -88, -100],14/02/2022 15:34:02
[-63, -72, -100, -100, -100],14/02/2022 15:34:06
[-63, -67, -100, -100, -100],14/02/2022 15:34:10
[-63, -72, -100, -100, -100],14/02/2022 15:34:14
[-64, -69, -91, -100, -100],14/02/2022 15:34:18
[-67, -68, -100, -100, -100],14/02/2022 15:34:23
[-63, -69, -100, -89, -100],14/02/2022 15:34:27
[-67, -70, -100, -100, -100],14/02/2022 15:34:31
[-64, -70, -100, -87, -100],14/02/2022 15:34:35
[-66, -69, -100, -100, -100],14/02/2022 15:34:39
[-63, -72, -100, -89, -100],14/02/2022 15:34:43
[-63, -71, -100, -100, -100],14/02/2022 15:34:47
[-63, -72, -100, -89, -100],14/02/2022 15:34:51
[-63, -71, -100, -88, -100],14/02/2022 15:34:56
[-64, -82, -100, -100, -100],14/02/2022 15:35:00
[-66, -69, -100, -89, -100],14/02/2022 15:35:04
[-64, -72, -100, -89, -100],14/02/2022 15:35:08
[-62, -71, -100, -88, -100],14/02/2022 15:35:12
[-66, -72, -100, -100, -100],14/02/2022 15:35:16
[-64, -79, -100, -89, -100],14/02/2022 15:35:21
[-62, -80, -100, -90, -100],14/02/2022 15:35:25
[-62, -83, -100, -100, -100],14/02/2022 15:35:29
[-67, -81, -88, -88, -100],14/02/2022 15:35:33
[-64, -72, -100, -100, -100],14/02/2022 15:35:37
[-62, -68, -100, -100, -100],14/02/2022 15:35:42
[-64, -67, -100, -91, -100],14/02/2022 15:35:46
[-63, -68, -90, -87, -100],14/02/2022 15:35:50
[-63, -67, -100, -89, -100],14/02/2022 15:35:54
[-67, -68, -100, -87, -100],14/02/2022 15:35:58
[-66, -71, -100, -87, -100],14/02/2022 15:36:03
[-67, -71, -100, -89, -100],14/02/2022 15:36:06
[-63, -71, -90, -91, -100],14/02/2022 15:36:11
[-64, -86, -100, -100, -100],14/02/2022 15:36:15
[-63, -68, -93, -89, -100],14/02/2022 15:36:19
[-64, -68, -100, -89, -100],14/02/2022 15:36:23
[-63, -68, -100, -89, -100],14/02/2022 15:36:27
[-62, -68, -100, -100, -100],14/02/2022 15:36:31
[-63, -81, -100, -89, -100],14/02/2022 15:36:36
[-64, -72, -100, -100, -100],14/02/2022 15:36:40
[-63, -71, -100, -90, -100],14/02/2022 15:36:44
[-63, -71, -100, -100, -100],14/02/2022 15:36:48
[-63, -72, -100, -100, -100],14/02/2022 15:36:52
[-63, -100, -100, -89, -100],14/02/2022 15:36:56
[-63, -69, -100, -100, -100],14/02/2022 15:37:00
[-64, -69, -100, -100, -100],14/02/2022 15:37:05
[-62, -72, -100, -100, -100],14/02/2022 15:37:09
[-66, -72, -100, -100, -100],14/02/2022 15:37:13
[-64, -68, -100, -100, -100],14/02/2022 15:37:17
[-64, -67, -100, -100, -100],14/02/2022 15:37:21
[-62, -70, -100, -100, -100],14/02/2022 15:37:25
[-63, -79, -100, -100, -100],14/02/2022 15:37:30
[-66, -69, -100, -100, -100],14/02/2022 15:37:34
[-66, -70, -100, -100, -100],14/02/2022 15:37:38
[-64, -68, -100, -87, -100],14/02/2022 15:37:42
[-64, -71, -100, -100, -100],14/02/2022 15:37:46
[-64, -71, -100, -100, -100],14/02/2022 15:37:50
[-63, -70, -100, -100, -100],14/02/2022 15:37:54
[-63, -81, -100, -100, -100],14/02/2022 15:37:59
[-63, -81, -100, -100, -100],14/02/2022 15:38:03
[-63, -78, -100, -100, -100],14/02/2022 15:38:07
[-63, -78, -100, -100, -100],14/02/2022 15:38:11
[-66, -70, -100, -100, -100],14/02/2022 15:38:15
[-62, -71, -100, -100, -100],14/02/2022 15:38:20
[-63, -71, -100, -100, -100],14/02/2022 15:38:24
[-66, -71, -100, -100, -100],14/02/2022 15:38:28
[-63, -71, -100, -100, -100],14/02/2022 15:38:32
[-66, -79, -91, -100, -100],14/02/2022 15:38:36
[-63, -81, -100, -100, -100],14/02/2022 15:38:40
[-63, -71, -100, -100, -100],14/02/2022 15:38:44
[-67, -79, -100, -90, -100],14/02/2022 15:38:49
[-66, -71, -100, -100, -100],14/02/2022 15:38:53
[-63, -69, -100, -90, -100],14/02/2022 15:38:57
[-66, -69, -100, -100, -100],14/02/2022 15:39:01
[-62, -71, -100, -90, -100],14/02/2022 15:39:05
[-67, -69, -100, -100, -100],14/02/2022 15:39:10
[-63, -80, -100, -100, -100],14/02/2022 15:39:14
[-63, -71, -100, -88, -100],14/02/2022 15:39:18
[-67, -78, -100, -100, -100],14/02/2022 15:39:22
[-67, -67, -100, -100, -100],14/02/2022 15:39:26
[-64, -83, -100, -100, -100],14/02/2022 15:39:30
[-64, -73, -100, -92, -100],14/02/2022 15:39:35
[-64, -66, -100, -100, -100],14/02/2022 15:39:39
[-100, -69, -100, -100, -100],14/02/2022 15:39:43
[-63, -72, -100, -89, -100],14/02/2022 15:39:47
[-66, -71, -100, -100, -100],14/02/2022 15:39:51
[-66, -84, -100, -100, -100],14/02/2022 15:39:55
[-64, -82, -100, -100, -100],14/02/2022 15:39:59
[-67, -80, -100, -92, -100],14/02/2022 15:40:04
[-63, -80, -100, -90, -100],14/02/2022 15:40:08
[-64, -73, -100, -89, -100],14/02/2022 15:40:12
[-67, -71, -100, -90, -100],14/02/2022 15:40:16
[-63, -71, -100, -100, -100],14/02/2022 15:40:20
[-67, -70, -100, -100, -100],14/02/2022 15:40:24
[-64, -70, -100, -100, -100],14/02/2022 15:40:28
[-62, -67, -100, -91, -100],14/02/2022 15:40:33
[-64, -70, -100, -100, -100],14/02/2022 15:40:37
[-64, -67, -100, -100, -100],14/02/2022 15:40:41
[-64, -80, -100, -100, -100],14/02/2022 15:40:45
[-66, -68, -100, -100, -100],14/02/2022 15:40:49
[-63, -71, -100, -100, -100],14/02/2022 15:40:54
[-64, -68, -100, -100, -100],14/02/2022 15:40:58
[-66, -69, -100, -100, -100],14/02/2022 15:41:02
[-64, -71, -100, -100, -100],14/02/2022 15:41:06
[-66, -69, -100, -100, -100],14/02/2022 15:41:10
[-64, -72, -100, -100, -100],14/02/2022 15:41:15
[-62, -80, -100, -100, -100],14/02/2022 15:41:19
[-63, -75, -100, -100, -100],14/02/2022 15:41:23
[-66, -76, -100, -89, -100],14/02/2022 15:41:27
[-66, -72, -100, -100, -100],14/02/2022 15:41:31
[-63, -69, -100, -100, -100],14/02/2022 15:41:35
[-64, -67, -100, -89, -100],14/02/2022 15:41:39
[-63, -72, -100, -91, -100],14/02/2022 15:41:44
[-63, -72, -100, -100, -100],14/02/2022 15:41:48
[-66, -77, -100, -100, -100],14/02/2022 15:41:52
[-62, -80, -100, -100, -100],14/02/2022 15:41:56
[-64, -79, -100, -100, -100],14/02/2022 15:42:00
[-67, -79, -100, -90, -100],14/02/2022 15:42:04
[-66, -71, -89, -90, -100],14/02/2022 15:42:09
[-64, -69, -100, -90, -100],14/02/2022 15:42:13
[-67, -69, -100, -87, -100],14/02/2022 15:42:17
[-62, -71, -100, -88, -100],14/02/2022 15:42:21
[-64, -71, -100, -89, -100],14/02/2022 15:42:25
[-66, -78, -100, -87, -100],14/02/2022 15:42:29
[-64, -78, -100, -89, -100],14/02/2022 15:42:34
[-64, -78, -100, -100, -100],14/02/2022 15:42:38
[-63, -76, -100, -100, -100],14/02/2022 15:42:42
[-66, -76, -100, -90, -100],14/02/2022 15:42:46
[-63, -72, -100, -100, -100],14/02/2022 15:42:50
[-64, -70, -100, -88, -100],14/02/2022 15:42:54
[-64, -70, -100, -86, -100],14/02/2022 15:42:58
[-62, -72, -100, -89, -100],14/02/2022 15:43:03
[-63, -72, -100, -89, -100],14/02/2022 15:43:07
[-64, -70, -100, -89, -100],14/02/2022 15:43:11
[-66, -78, -100, -100, -100],14/02/2022 15:43:15
[-64, -79, -100, -91, -100],14/02/2022 15:43:19
[-66, -79, -100, -86, -100],14/02/2022 15:43:23
[-67, -72, -100, -100, -100],14/02/2022 15:43:28
[-63, -72, -100, -100, -100],14/02/2022 15:43:32
[-64, -71, -100, -100, -100],14/02/2022 15:43:36
[-64, -71, -100, -90, -100],14/02/2022 15:43:40
[-66, -68, -100, -89, -100],14/02/2022 15:43:44
[-63, -78, -100, -90, -100],14/02/2022 15:43:49
[-64, -79, -100, -89, -100],14/02/2022 15:43:53
[-63, -76, -100, -100, -100],14/02/2022 15:43:57
[-66, -77, -89, -100, -100],14/02/2022 15:44:01
[-66, -70, -100, -100, -100],14/02/2022 15:44:05
[-61, -70, -100, -100, -100],14/02/2022 15:44:09
[-63, -69, -100, -100, -100],14/02/2022 15:44:13
[-63, -72, -88, -88, -100],14/02/2022 15:44:18
[-66, -69, -100, -100, -100],14/02/2022 15:44:22
[-66, -79, -100, -100, -100],14/02/2022 15:44:26
[-63, -83, -100, -100, -100],14/02/2022 15:44:30
[-63, -76, -100, -100, -100],14/02/2022 15:44:34
[-62, -77, -100, -100, -100],14/02/2022 15:44:38
[-67, -70, -100, -89, -100],14/02/2022 15:44:43
[-63, -72, -100, -89, -100],14/02/2022 15:44:47
[-64, -72, -100, -88, -100],14/02/2022 15:44:51
[-67, -73, -100, -100, -100],14/02/2022 15:44:55
[-63, -71, -100, -90, -100],14/02/2022 15:44:59
[-67, -78, -100, -89, -100],14/02/2022 15:45:03
[-64, -78, -100, -100, -100],14/02/2022 15:45:08
[-63, -70, -100, -100, -100],14/02/2022 15:45:12
[-63, -72, -100, -87, -100],14/02/2022 15:45:16
[-67, -69, -100, -90, -100],14/02/2022 15:45:20
[-63, -73, -100, -100, -100],14/02/2022 15:45:24
[-63, -78, -100, -100, -100],14/02/2022 15:45:28
[-62, -77, -100, -90, -100],14/02/2022 15:45:32
[-67, -79, -100, -100, -100],14/02/2022 15:45:37
[-63, -72, -100, -100, -100],14/02/2022 15:45:41
[-67, -76, -100, -91, -100],14/02/2022 15:45:45
[-67, -73, -100, -89, -100],14/02/2022 15:45:49
[-63, -71, -100, -100, -100],14/02/2022 15:45:53
[-67, -71, -90, -90, -100],14/02/2022 15:45:57
[-62, -78, -100, -89, -100],14/02/2022 15:46:02
[-100, -78, -100, -100, -100],14/02/2022 15:46:06
[-63, -73, -100, -87, -100],14/02/2022 15:46:10
[-63, -75, -100, -88, -100],14/02/2022 15:46:14
[-66, -73, -100, -88, -100],14/02/2022 15:46:18
[-63, -75, -100, -89, -100],14/02/2022 15:46:23
[-63, -70, -100, -89, -100],14/02/2022 15:46:27
[-66, -69, -100, -88, -100],14/02/2022 15:46:31
[-63, -70, -100, -100, -100],14/02/2022 15:46:35
[-67, -75, -100, -90, -100],14/02/2022 15:46:39
[-66, -74, -100, -94, -100],14/02/2022 15:46:43
[-63, -74, -100, -88, -100],14/02/2022 15:46:48
[-63, -72, -100, -100, -100],14/02/2022 15:46:52
[-62, -69, -87, -87, -100],14/02/2022 15:46:56
[-63, -77, -100, -86, -100],14/02/2022 15:47:00
[-63, -69, -100, -89, -100],14/02/2022 15:47:04
[-67, -78, -100, -87, -100],14/02/2022 15:47:08
[-67, -69, -100, -88, -100],14/02/2022 15:47:12
[-63, -75, -100, -100, -100],14/02/2022 15:47:17
[-62, -72, -100, -100, -100],14/02/2022 15:47:21
[-67, -73, -100, -100, -100],14/02/2022 15:47:25
[-62, -71, -100, -100, -100],14/02/2022 15:47:29
[-62, -73, -100, -87, -100],14/02/2022 15:47:33
[-66, -74, -100, -88, -100],14/02/2022 15:47:37
[-63, -71, -100, -88, -100],14/02/2022 15:47:42
[-68, -70, -100, -88, -100],14/02/2022 15:47:46
[-63, -79, -100, -90, -100],14/02/2022 15:47:50
[-64, -81, -100, -88, -100],14/02/2022 15:47:54
[-63, -69, -100, -100, -100],14/02/2022 15:48:00
[-63, -70, -100, -100, -100],14/02/2022 15:48:02
[-63, -72, -100, -89, -100],14/02/2022 15:48:07
[-64, -72, -96, -88, -100],14/02/2022 15:48:11
[-62, -71, -100, -87, -100],14/02/2022 15:48:15
[-68, -69, -100, -100, -100],14/02/2022 15:48:19
[-63, -71, -100, -86, -100],14/02/2022 15:48:23
[-68, -78, -100, -88, -100],14/02/2022 15:48:27
[-63, -81, -90, -88, -100],14/02/2022 15:48:32
[-63, -81, -100, -88, -100],14/02/2022 15:48:36
[-63, -71, -100, -90, -100],14/02/2022 15:48:40
[-62, -72, -100, -100, -100],14/02/2022 15:48:44
[-67, -69, -100, -100, -100],14/02/2022 15:48:48
[-63, -70, -91, -92, -100],14/02/2022 15:48:52
[-63, -78, -100, -100, -100],14/02/2022 15:48:57
[-63, -77, -100, -90, -100],14/02/2022 15:49:01
[-67, -81, -100, -89, -100],14/02/2022 15:49:05
[-67, -82, -100, -100, -100],14/02/2022 15:49:09
[-64, -80, -100, -90, -100],14/02/2022 15:49:13
[-64, -72, -90, -87, -100],14/02/2022 15:49:17
[-63, -69, -100, -86, -100],14/02/2022 15:49:22
[-63, -68, -100, -89, -100],14/02/2022 15:49:26
[-67, -71, -100, -87, -100],14/02/2022 15:49:30
[-63, -69, -100, -88, -100],14/02/2022 15:49:34
[-63, -78, -100, -89, -100],14/02/2022 15:49:38
[-64, -78, -92, -87, -100],14/02/2022 15:49:42
[-63, -70, -100, -86, -100],14/02/2022 15:49:47
[-63, -79, -92, -89, -100],14/02/2022 15:49:51
[-64, -81, -100, -88, -100],14/02/2022 15:49:55
[-63, -81, -100, -89, -100],14/02/2022 15:49:59
[-68, -68, -100, -86, -100],14/02/2022 15:50:03
[-63, -74, -100, -100, -100],14/02/2022 15:50:07
[-63, -100, -100, -86, -100],14/02/2022 15:50:11
[-64, -80, -100, -88, -100],14/02/2022 15:50:16
[-67, -80, -100, -86, -100],14/02/2022 15:50:20
[-63, -82, -95, -88, -100],14/02/2022 15:50:24
[-63, -79, -100, -90, -100],14/02/2022 15:50:28
[-63, -79, -100, -90, -100],14/02/2022 15:50:32
[-68, -79, -100, -86, -100],14/02/2022 15:50:37
[-63, -75, -100, -89, -100],14/02/2022 15:50:41
[-67, -70, -100, -89, -100],14/02/2022 15:50:45
[-63, -69, -100, -91, -100],14/02/2022 15:50:49
[-63, -80, -100, -90, -100],14/02/2022 15:50:53
[-63, -81, -100, -88, -100],14/02/2022 15:50:57
[-67, -71, -100, -88, -100],14/02/2022 15:51:01
[-64, -79, -100, -88, -100],14/02/2022 15:51:05
[-63, -80, -100, -100, -100],14/02/2022 15:51:10
[-100, -68, -100, -88, -100],14/02/2022 15:51:14
[-67, -78, -100, -90, -100],14/02/2022 15:51:18
[-62, -70, -100, -91, -100],14/02/2022 15:51:22
[-67, -80, -100, -87, -100],14/02/2022 15:51:26
[-63, -70, -100, -88, -100],14/02/2022 15:51:30
[-68, -72, -100, -90, -100],14/02/2022 15:51:35
[-62, -78, -100, -89, -100],14/02/2022 15:51:39
[-67, -77, -100, -88, -100],14/02/2022 15:51:43
[-63, -100, -100, -90, -100],14/02/2022 15:51:47
[-66, -72, -94, -100, -100],14/02/2022 15:51:51
[-64, -71, -100, -87, -100],14/02/2022 15:51:55
[-66, -79, -100, -89, -100],14/02/2022 15:52:00
[-63, -72, -91, -88, -100],14/02/2022 15:52:04
[-66, -72, -100, -87, -100],14/02/2022 15:52:08
[-63, -70, -100, -88, -100],14/02/2022 15:52:12
[-64, -71, -100, -88, -100],14/02/2022 15:52:17
[-62, -71, -100, -86, -100],14/02/2022 15:52:20
[-70, -73, -100, -88, -100],14/02/2022 15:52:25
[-67, -71, -100, -88, -100],14/02/2022 15:52:29
[-68, -72, -100, -89, -100],14/02/2022 15:52:33
[-63, -70, -100, -90, -100],14/02/2022 15:52:37
[-64, -72, -89, -89, -100],14/02/2022 15:52:41
[-64, -71, -100, -89, -100],14/02/2022 15:52:45
[-63, -70, -100, -88, -100],14/02/2022 15:52:50
[-63, -71, -100, -87, -100],14/02/2022 15:52:54
[-63, -70, -89, -88, -100],14/02/2022 15:52:58
[-64, -70, -100, -86, -100],14/02/2022 15:53:02
[-63, -69, -100, -87, -100],14/02/2022 15:53:06
[-64, -72, -88, -88, -100],14/02/2022 15:53:10
[-67, -80, -100, -89, -100],14/02/2022 15:53:15
[-63, -71, -100, -89, -100],14/02/2022 15:53:19
[-64, -71, -100, -89, -100],14/02/2022 15:53:23
[-66, -72, -100, -100, -100],14/02/2022 15:53:27
[-66, -71, -100, -90, -100],14/02/2022 15:53:31
[-64, -71, -100, -100, -100],14/02/2022 15:53:35
[-64, -79, -100, -87, -100],14/02/2022 15:53:40
[-64, -79, -100, -100, -100],14/02/2022 15:53:44
[-62, -71, -100, -87, -100],14/02/2022 15:53:48
[-66, -78, -100, -100, -100],14/02/2022 15:53:52
[-66, -71, -100, -92, -100],14/02/2022 15:53:56
[-62, -80, -100, -88, -100],14/02/2022 15:54:00
[-63, -71, -92, -89, -100],14/02/2022 15:54:04
[-64, -70, -100, -100, -100],14/02/2022 15:54:09
[-62, -68, -90, -87, -100],14/02/2022 15:54:13
[-63, -78, -100, -88, -100],14/02/2022 15:54:17
[-62, -69, -100, -100, -100],14/02/2022 15:54:21
[-63, -72, -100, -88, -100],14/02/2022 15:54:25
[-63, -72, -100, -87, -100],14/02/2022 15:54:29
[-64, -71, -100, -88, -100],14/02/2022 15:54:34
[-63, -71, -90, -91, -100],14/02/2022 15:54:38
[-64, -70, -100, -91, -100],14/02/2022 15:54:42
[-62, -71, -100, -88, -100],14/02/2022 15:54:46
[-66, -69, -100, -87, -100],14/02/2022 15:54:50
[-63, -81, -89, -87, -100],14/02/2022 15:54:55
[-68, -77, -100, -87, -100],14/02/2022 15:54:59
[-63, -81, -100, -90, -100],14/02/2022 15:55:03
[-67, -71, -100, -100, -100],14/02/2022 15:55:07
[-63, -71, -91, -88, -100],14/02/2022 15:55:11
[-66, -71, -100, -90, -100],14/02/2022 15:55:15
[-67, -69, -100, -88, -100],14/02/2022 15:55:20
[-63, -69, -100, -100, -100],14/02/2022 15:55:24
[-62, -79, -100, -88, -100],14/02/2022 15:55:28
[-64, -79, -100, -88, -100],14/02/2022 15:55:32
[-63, -72, -100, -100, -100],14/02/2022 15:55:36
[-63, -80, -100, -88, -100],14/02/2022 15:55:40
[-62, -71, -100, -87, -100],14/02/2022 15:55:45
[-64, -70, -88, -100, -100],14/02/2022 15:55:49
[-64, -70, -100, -100, -100],14/02/2022 15:55:53
[-64, -70, -100, -88, -100],14/02/2022 15:55:57
[-63, -70, -100, -90, -100],14/02/2022 15:56:01
[-67, -79, -93, -91, -100],14/02/2022 15:56:05
[-63, -70, -100, -88, -100],14/02/2022 15:56:10
[-64, -70, -100, -90, -100],14/02/2022 15:56:14
[-66, -71, -91, -100, -100],14/02/2022 15:56:18
[-63, -70, -100, -100, -100],14/02/2022 15:56:22
[-66, -70, -100, -90, -100],14/02/2022 15:56:26
[-63, -78, -89, -100, -100],14/02/2022 15:56:30
[-64, -78, -100, -88, -100],14/02/2022 15:56:34
[-63, -78, -100, -100, -100],14/02/2022 15:56:39
[-67, -70, -94, -91, -100],14/02/2022 15:56:43
[-63, -71, -100, -89, -100],14/02/2022 15:56:47
[-67, -71, -100, -89, -100],14/02/2022 15:56:51
[-63, -70, -100, -100, -100],14/02/2022 15:56:55
[-63, -70, -100, -100, -100],14/02/2022 15:56:59
[-67, -78, -100, -88, -100],14/02/2022 15:57:04
[-64, -78, -100, -100, -100],14/02/2022 15:57:08
[-67, -78, -100, -100, -100],14/02/2022 15:57:12
[-62, -79, -100, -87, -100],14/02/2022 15:57:16
[-64, -80, -100, -89, -100],14/02/2022 15:57:20
[-64, -71, -100, -88, -100],14/02/2022 15:57:25
[-67, -70, -100, -85, -100],14/02/2022 15:57:29
[-62, -70, -100, -100, -100],14/02/2022 15:57:33
[-63, -69, -100, -100, -100],14/02/2022 15:57:37
[-63, -80, -100, -100, -100],14/02/2022 15:57:42
[-64, -71, -89, -100, -100],14/02/2022 15:57:45
[-63, -79, -100, -100, -100],14/02/2022 15:57:50
[-63, -79, -100, -88, -100],14/02/2022 15:57:54
[-63, -78, -100, -100, -100],14/02/2022 15:57:58
[-67, -70, -100, -89, -100],14/02/2022 15:58:02
[-62, -71, -100, -89, -100],14/02/2022 15:58:06
[-64, -68, -100, -89, -100],14/02/2022 15:58:10
[-64, -70, -100, -90, -100],14/02/2022 15:58:14
[-62, -70, -91, -88, -100],14/02/2022 15:58:19
[-62, -71, -100, -90, -100],14/02/2022 15:58:23
[-64, -71, -100, -100, -100],14/02/2022 15:58:27
[-65, -71, -100, -87, -100],14/02/2022 15:58:31
[-63, -71, -92, -87, -100],14/02/2022 15:58:35
[-67, -70, -93, -88, -100],14/02/2022 15:58:40
[-63, -78, -100, -100, -100],14/02/2022 15:58:44
[-64, -71, -100, -89, -100],14/02/2022 15:58:48
[-63, -70, -100, -87, -100],14/02/2022 15:58:52
[-62, -71, -90, -90, -100],14/02/2022 15:58:56
[-66, -71, -100, -90, -100],14/02/2022 15:59:00
[-66, -71, -100, -88, -100],14/02/2022 15:59:05
[-62, -71, -100, -88, -100],14/02/2022 15:59:09
[-64, -71, -100, -88, -100],14/02/2022 15:59:13
[-67, -70, -90, -88, -100],14/02/2022 15:59:17
[-67, -79, -90, -87, -100],14/02/2022 15:59:21
[-64, -71, -100, -100, -100],14/02/2022 15:59:25
[-63, -79, -100, -87, -100],14/02/2022 15:59:29
[-64, -78, -100, -92, -100],14/02/2022 15:59:34
[-63, -71, -100, -88, -100],14/02/2022 15:59:38
[-67, -70, -100, -88, -100],14/02/2022 15:59:42
[-63, -73, -100, -88, -100],14/02/2022 15:59:46
[-64, -70, -100, -87, -100],14/02/2022 15:59:50
[-62, -71, -100, -89, -100],14/02/2022 15:59:55
[-63, -79, -100, -100, -100],14/02/2022 15:59:59
[-64, -79, -100, -87, -100],14/02/2022 16:00:03
[-63, -71, -100, -89, -100],14/02/2022 16:00:07
[-66, -78, -100, -87, -100],14/02/2022 16:00:11
[-66, -78, -95, -86, -100],14/02/2022 16:00:15
[-62, -70, -100, -85, -100],14/02/2022 16:00:20
[-64, -71, -89, -89, -100],14/02/2022 16:00:24
[-63, -70, -100, -90, -100],14/02/2022 16:00:28
[-64, -79, -100, -91, -100],14/02/2022 16:00:32
[-63, -78, -88, -88, -100],14/02/2022 16:00:36
[-64, -78, -100, -87, -100],14/02/2022 16:00:40
[-64, -71, -93, -88, -100],14/02/2022 16:00:45
[-62, -78, -100, -88, -100],14/02/2022 16:00:49
[-63, -78, -100, -89, -100],14/02/2022 16:00:53
[-63, -71, -94, -90, -100],14/02/2022 16:00:57
[-64, -71, -100, -89, -100],14/02/2022 16:01:02
[-67, -69, -100, -89, -100],14/02/2022 16:01:05
[-66, -71, -100, -90, -100],14/02/2022 16:01:10
[-64, -70, -100, -89, -100],14/02/2022 16:01:15
[-64, -79, -100, -89, -100],14/02/2022 16:01:19
[-64, -80, -100, -100, -100],14/02/2022 16:01:22
[-63, -69, -100, -100, -100],14/02/2022 16:01:26
[-64, -71, -100, -91, -100],14/02/2022 16:01:30
[-66, -70, -92, -88, -100],14/02/2022 16:01:35
[-66, -71, -100, -100, -100],14/02/2022 16:01:39
[-66, -70, -100, -88, -100],14/02/2022 16:01:43
[-63, -70, -100, -88, -100],14/02/2022 16:01:47
[-67, -71, -100, -89, -100],14/02/2022 16:01:51
[-63, -79, -90, -89, -100],14/02/2022 16:01:55
[-64, -70, -100, -100, -100],14/02/2022 16:01:59
[-67, -71, -100, -90, -100],14/02/2022 16:02:04
[-63, -71, -100, -90, -100],14/02/2022 16:02:08
[-63, -70, -100, -90, -100],14/02/2022 16:02:12
[-67, -71, -100, -89, -100],14/02/2022 16:02:18
[-63, -70, -100, -89, -100],14/02/2022 16:02:22
[-64, -71, -100, -100, -100],14/02/2022 16:02:24
[-64, -70, -100, -88, -100],14/02/2022 16:02:29
[-63, -71, -100, -100, -100],14/02/2022 16:02:33
[-64, -71, -100, -86, -100],14/02/2022 16:02:37
[-64, -71, -100, -89, -100],14/02/2022 16:02:41
[-62, -71, -100, -89, -100],14/02/2022 16:02:45
[-67, -70, -100, -100, -100],14/02/2022 16:02:49
[-67, -79, -100, -100, -100],14/02/2022 16:02:54
[-64, -78, -100, -89, -100],14/02/2022 16:02:58
[-63, -71, -100, -89, -100],14/02/2022 16:03:02
[-63, -79, -100, -100, -100],14/02/2022 16:03:07
[-62, -79, -100, -100, -100],14/02/2022 16:03:11
[-64, -71, -100, -87, -100],14/02/2022 16:03:15
[-64, -78, -100, -100, -100],14/02/2022 16:03:19
[-67, -70, -100, -88, -100],14/02/2022 16:03:23
[-63, -71, -100, -89, -100],14/02/2022 16:03:27
[-66, -79, -100, -90, -100],14/02/2022 16:03:31
[-67, -71, -100, -92, -100],14/02/2022 16:03:35
[-62, -71, -100, -88, -100],14/02/2022 16:03:40
[-62, -71, -100, -89, -100],14/02/2022 16:03:44
[-62, -71, -91, -90, -100],14/02/2022 16:03:48
[-64, -71, -100, -100, -100],14/02/2022 16:03:52
[-64, -80, -100, -89, -100],14/02/2022 16:03:56
[-66, -69, -100, -90, -100],14/02/2022 16:04:00
[-62, -79, -100, -88, -100],14/02/2022 16:04:05
[-63, -80, -100, -100, -100],14/02/2022 16:04:09
[-65, -71, -100, -90, -100],14/02/2022 16:04:13
[-66, -70, -100, -88, -100],14/02/2022 16:04:17
[-66, -71, -100, -86, -100],14/02/2022 16:04:21
[-63, -70, -100, -88, -100],14/02/2022 16:04:25
[-62, -80, -100, -89, -100],14/02/2022 16:04:30
[-66, -81, -100, -100, -100],14/02/2022 16:04:34
[-67, -71, -100, -87, -100],14/02/2022 16:04:38
[-62, -80, -100, -89, -100],14/02/2022 16:04:42
[-62, -81, -100, -90, -100],14/02/2022 16:04:46
[-62, -71, -100, -86, -100],14/02/2022 16:04:50
[-66, -70, -100, -88, -100],14/02/2022 16:04:55
[-67, -71, -100, -90, -100],14/02/2022 16:04:59
[-62, -69, -100, -89, -100],14/02/2022 16:05:03
[-64, -71, -93, -88, -100],14/02/2022 16:05:07
[-63, -81, -100, -90, -100],14/02/2022 16:05:11
[-62, -80, -100, -100, -100],14/02/2022 16:05:16
[-63, -79, -100, -90, -100],14/02/2022 16:05:20
[-66, -80, -91, -91, -100],14/02/2022 16:05:24
[-63, -71, -100, -88, -100],14/02/2022 16:05:28
[-63, -70, -100, -88, -100],14/02/2022 16:05:32
[-63, -71, -100, -88, -100],14/02/2022 16:05:36
[-63, -69, -100, -89, -100],14/02/2022 16:05:40
[-66, -71, -100, -86, -100],14/02/2022 16:05:44
[-64, -70, -100, -88, -100],14/02/2022 16:05:49
[-63, -81, -100, -90, -100],14/02/2022 16:05:53
[-63, -81, -100, -86, -100],14/02/2022 16:05:57
[-66, -73, -100, -90, -100],14/02/2022 16:06:01
[-67, -79, -100, -87, -100],14/02/2022 16:06:05
[-62, -80, -100, -100, -100],14/02/2022 16:06:10
[-64, -69, -100, -89, -100],14/02/2022 16:06:14
[-62, -80, -100, -91, -100],14/02/2022 16:06:18
[-64, -71, -100, -89, -100],14/02/2022 16:06:22
[-64, -71, -100, -89, -100],14/02/2022 16:06:26
[-63, -71, -100, -100, -100],14/02/2022 16:06:30
[-64, -71, -100, -92, -100],14/02/2022 16:06:35
[-63, -71, -100, -88, -100],14/02/2022 16:06:39
[-63, -71, -100, -89, -100],14/02/2022 16:06:43
[-62, -79, -100, -89, -100],14/02/2022 16:06:47
[-63, -69, -100, -88, -100],14/02/2022 16:06:51
[-63, -71, -100, -100, -100],14/02/2022 16:06:55
[-62, -79, -100, -89, -100],14/02/2022 16:06:59
[-62, -82, -100, -87, -100],14/02/2022 16:07:04
[-63, -71, -100, -100, -100],14/02/2022 16:07:08
[-64, -71, -100, -91, -100],14/02/2022 16:07:12
[-63, -71, -100, -89, -100],14/02/2022 16:07:16
[-67, -71, -100, -88, -100],14/02/2022 16:07:20
[-64, -80, -100, -85, -100],14/02/2022 16:07:25
[-63, -72, -100, -91, -100],14/02/2022 16:07:29
[-63, -80, -100, -88, -100],14/02/2022 16:07:33
[-64, -81, -100, -100, -100],14/02/2022 16:07:37
[-64, -71, -100, -87, -100],14/02/2022 16:07:41
[-67, -80, -100, -100, -100],14/02/2022 16:07:46
[-67, -70, -100, -88, -100],14/02/2022 16:07:49
[-63, -70, -100, -87, -100],14/02/2022 16:07:54
[-60, -71, -100, -88, -100],14/02/2022 16:07:58
[-67, -70, -100, -89, -100],14/02/2022 16:08:02
[-66, -79, -100, -92, -100],14/02/2022 16:08:06
[-62, -71, -100, -88, -100],14/02/2022 16:08:11
[-63, -71, -100, -90, -100],14/02/2022 16:08:15
[-62, -71, -100, -87, -100],14/02/2022 16:08:19
[-64, -71, -100, -87, -100],14/02/2022 16:08:23
[-62, -72, -100, -84, -100],14/02/2022 16:08:27
[-63, -70, -100, -88, -100],14/02/2022 16:08:31
[-64, -71, -100, -90, -100],14/02/2022 16:08:35
[-63, -71, -100, -89, -100],14/02/2022 16:08:39
[-67, -72, -100, -90, -100],14/02/2022 16:08:44
[-63, -72, -100, -89, -100],14/02/2022 16:08:48
[-64, -72, -100, -90, -100],14/02/2022 16:08:52
[-63, -71, -93, -90, -100],14/02/2022 16:08:56
[-64, -71, -100, -89, -100],14/02/2022 16:09:00
[-64, -77, -100, -88, -100],14/02/2022 16:09:05
[-64, -72, -100, -89, -100],14/02/2022 16:09:09
[-64, -80, -100, -100, -100],14/02/2022 16:09:13
[-62, -78, -100, -89, -100],14/02/2022 16:09:17
[-63, -72, -100, -87, -100],14/02/2022 16:09:21
[-63, -77, -100, -88, -100],14/02/2022 16:09:25
[-64, -71, -100, -89, -100],14/02/2022 16:09:30
[-67, -79, -100, -88, -100],14/02/2022 16:09:34
[-67, -71, -100, -100, -100],14/02/2022 16:09:38
[-67, -71, -100, -87, -100],14/02/2022 16:09:42
[-64, -72, -100, -100, -100],14/02/2022 16:09:46
[-63, -80, -100, -87, -100],14/02/2022 16:09:50
[-62, -82, -100, -100, -100],14/02/2022 16:09:55
[-67, -81, -100, -89, -100],14/02/2022 16:09:59
[-68, -71, -100, -89, -100],14/02/2022 16:10:03
[-66, -70, -100, -89, -100],14/02/2022 16:10:07
[-63, -71, -100, -91, -100],14/02/2022 16:10:11
[-63, -70, -100, -89, -100],14/02/2022 16:10:15
[-66, -71, -100, -88, -100],14/02/2022 16:10:20
[-63, -71, -100, -87, -100],14/02/2022 16:10:24
[-63, -80, -100, -88, -100],14/02/2022 16:10:28
[-62, -71, -100, -86, -100],14/02/2022 16:10:32
[-63, -81, -100, -100, -100],14/02/2022 16:10:36
[-62, -78, -93, -100, -100],14/02/2022 16:10:41
[-63, -71, -94, -90, -100],14/02/2022 16:10:45
[-62, -72, -100, -90, -100],14/02/2022 16:10:49
[-64, -71, -100, -100, -100],14/02/2022 16:10:53
[-63, -71, -100, -100, -100],14/02/2022 16:10:57
[-62, -72, -100, -88, -100],14/02/2022 16:11:01
[-63, -72, -100, -88, -100],14/02/2022 16:11:05
[-62, -70, -100, -88, -100],14/02/2022 16:11:10
[-63, -72, -100, -89, -100],14/02/2022 16:11:14
[-66, -69, -100, -89, -100],14/02/2022 16:11:18
[-64, -69, -89, -87, -100],14/02/2022 16:11:22
[-62, -81, -100, -89, -100],14/02/2022 16:11:26
[-63, -72, -100, -90, -100],14/02/2022 16:11:30
[-63, -72, -100, -100, -100],14/02/2022 16:11:35
[-63, -70, -100, -90, -100],14/02/2022 16:11:39
[-63, -70, -96, -100, -100],14/02/2022 16:11:43
[-67, -72, -100, -89, -100],14/02/2022 16:11:47
[-62, -70, -100, -100, -100],14/02/2022 16:11:51
[-63, -70, -100, -88, -100],14/02/2022 16:11:55
[-64, -81, -100, -88, -100],14/02/2022 16:12:00
[-63, -72, -100, -89, -100],14/02/2022 16:12:04
[-62, -82, -88, -90, -100],14/02/2022 16:12:08
[-64, -81, -100, -88, -100],14/02/2022 16:12:12
[-63, -69, -100, -88, -100],14/02/2022 16:12:16
[-64, -72, -100, -88, -100],14/02/2022 16:12:20
[-67, -70, -100, -89, -100],14/02/2022 16:12:25
[-68, -72, -100, -90, -100],14/02/2022 16:12:29
[-62, -71, -91, -100, -100],14/02/2022 16:12:33
[-67, -80, -100, -100, -100],14/02/2022 16:12:37
[-100, -81, -100, -89, -100],14/02/2022 16:12:41
[-66, -72, -100, -100, -100],14/02/2022 16:12:45
[-64, -72, -100, -88, -100],14/02/2022 16:12:50
[-62, -71, -100, -100, -100],14/02/2022 16:12:54
[-63, -69, -100, -89, -100],14/02/2022 16:12:58
[-63, -69, -92, -88, -100],14/02/2022 16:13:02
[-66, -69, -100, -100, -100],14/02/2022 16:13:06
[-64, -69, -100, -88, -100],14/02/2022 16:13:10
[-64, -71, -100, -100, -100],14/02/2022 16:13:15
[-63, -72, -100, -100, -100],14/02/2022 16:13:19
[-65, -71, -100, -87, -100],14/02/2022 16:13:23
[-62, -72, -100, -90, -100],14/02/2022 16:13:27
[-64, -72, -90, -89, -100],14/02/2022 16:13:31
[-64, -79, -93, -89, -100],14/02/2022 16:13:36
[-62, -80, -89, -90, -100],14/02/2022 16:13:40
[-64, -71, -87, -100, -100],14/02/2022 16:13:44
[-66, -69, -100, -90, -100],14/02/2022 16:13:48
[-63, -79, -100, -88, -100],14/02/2022 16:13:52
[-66, -69, -100, -89, -100],14/02/2022 16:13:56
[-66, -72, -88, -90, -100],14/02/2022 16:14:00
[-63, -72, -87, -100, -100],14/02/2022 16:14:05
[-66, -72, -100, -89, -100],14/02/2022 16:14:09
[-64, -70, -100, -88, -100],14/02/2022 16:14:13
[-66, -70, -100, -88, -100],14/02/2022 16:14:17
[-63, -69, -100, -87, -100],14/02/2022 16:14:21
[-63, -70, -100, -87, -100],14/02/2022 16:14:26
[-62, -80, -100, -88, -100],14/02/2022 16:14:30
[-63, -71, -100, -92, -100],14/02/2022 16:14:34
[-66, -71, -100, -88, -100],14/02/2022 16:14:38
[-64, -72, -100, -89, -100],14/02/2022 16:14:42
[-66, -72, -100, -89, -100],14/02/2022 16:14:46
[-64, -71, -100, -87, -100],14/02/2022 16:14:50
[-62, -81, -100, -87, -100],14/02/2022 16:14:55
[-63, -81, -100, -100, -100],14/02/2022 16:14:59
[-62, -80, -100, -87, -100],14/02/2022 16:15:03
[-64, -87, -100, -90, -100],14/02/2022 16:15:07
[-63, -70, -100, -100, -100],14/02/2022 16:15:11
[-63, -71, -90, -89, -100],14/02/2022 16:15:15
[-63, -68, -100, -100, -100],14/02/2022 16:15:20
[-63, -72, -100, -89, -100],14/02/2022 16:15:24
[-62, -72, -100, -100, -100],14/02/2022 16:15:28
[-67, -72, -90, -87, -100],14/02/2022 16:15:32
[-64, -74, -100, -92, -100],14/02/2022 16:15:36
[-67, -82, -100, -88, -100],14/02/2022 16:15:40
[-64, -72, -100, -89, -100],14/02/2022 16:15:44
[-63, -81, -100, -91, -100],14/02/2022 16:15:49
[-62, -71, -88, -89, -100],14/02/2022 16:15:53
[-62, -71, -100, -92, -100],14/02/2022 16:15:57
[-63, -70, -100, -90, -100],14/02/2022 16:16:01
[-62, -70, -100, -90, -100],14/02/2022 16:16:05
[-64, -71, -100, -100, -100],14/02/2022 16:16:10
[-66, -70, -100, -92, -100],14/02/2022 16:16:14
[-66, -71, -90, -87, -100],14/02/2022 16:16:18
[-63, -72, -91, -89, -100],14/02/2022 16:16:22
[-63, -69, -100, -88, -100],14/02/2022 16:16:26
[-64, -71, -100, -94, -100],14/02/2022 16:16:31
[-63, -80, -100, -100, -100],14/02/2022 16:16:35
[-64, -79, -100, -100, -100],14/02/2022 16:16:39
[-66, -82, -91, -89, -100],14/02/2022 16:16:43
[-63, -79, -87, -91, -100],14/02/2022 16:16:47
[-65, -69, -91, -87, -100],14/02/2022 16:16:51
[-63, -70, -100, -88, -100],14/02/2022 16:16:55
[-67, -69, -91, -90, -100],14/02/2022 16:17:00
[-64, -70, -100, -87, -100],14/02/2022 16:17:04
[-63, -80, -100, -89, -100],14/02/2022 16:17:08
[-63, -79, -100, -88, -100],14/02/2022 16:17:12
[-64, -72, -100, -89, -100],14/02/2022 16:17:16
[-64, -79, -100, -91, -100],14/02/2022 16:17:20
[-63, -80, -100, -87, -100],14/02/2022 16:17:25
[-66, -70, -100, -90, -100],14/02/2022 16:17:29
[-66, -70, -100, -100, -100],14/02/2022 16:17:33
[-63, -71, -100, -91, -100],14/02/2022 16:17:37
[-66, -71, -100, -90, -100],14/02/2022 16:17:41
[-64, -72, -100, -100, -100],14/02/2022 16:17:45
[-63, -80, -89, -100, -100],14/02/2022 16:17:50
[-63, -73, -100, -100, -100],14/02/2022 16:17:54
[-64, -72, -100, -100, -100],14/02/2022 16:17:58
[-64, -69, -100, -91, -100],14/02/2022 16:18:03
[-67, -69, -100, -91, -100],14/02/2022 16:18:07
[-67, -69, -100, -88, -100],14/02/2022 16:18:11
[-63, -70, -91, -91, -100],14/02/2022 16:18:15
[-67, -70, -100, -88, -100],14/02/2022 16:18:19
[-67, -69, -100, -88, -100],14/02/2022 16:18:23
[-64, -71, -100, -84, -100],14/02/2022 16:18:28
[-62, -78, -100, -89, -100],14/02/2022 16:18:32
[-64, -71, -100, -88, -100],14/02/2022 16:18:36
[-64, -77, -95, -89, -100],14/02/2022 16:18:40
[-64, -71, -91, -91, -100],14/02/2022 16:18:44
[-63, -80, -100, -89, -100],14/02/2022 16:18:48
[-63, -80, -100, -89, -100],14/02/2022 16:18:52
[-67, -80, -100, -92, -100],14/02/2022 16:18:57
[-63, -79, -100, -100, -100],14/02/2022 16:19:01
[-68, -69, -100, -88, -100],14/02/2022 16:19:05
[-67, -70, -93, -86, -100],14/02/2022 16:19:09
[-63, -70, -100, -89, -100],14/02/2022 16:19:13
[-64, -79, -100, -88, -100],14/02/2022 16:19:18
[-63, -70, -88, -89, -100],14/02/2022 16:19:22
[-70, -72, -100, -89, -100],14/02/2022 16:19:26
[-63, -73, -100, -87, -100],14/02/2022 16:19:30
[-63, -70, -89, -88, -100],14/02/2022 16:19:34
[-63, -72, -100, -90, -100],14/02/2022 16:19:38
[-63, -73, -100, -86, -100],14/02/2022 16:19:43
[-63, -70, -100, -90, -100],14/02/2022 16:19:47
[-63, -71, -90, -93, -100],14/02/2022 16:19:51
[-63, -70, -100, -87, -100],14/02/2022 16:19:55
[-63, -69, -100, -89, -100],14/02/2022 16:19:59
[-64, -72, -100, -86, -100],14/02/2022 16:20:03
[-64, -78, -89, -91, -100],14/02/2022 16:20:07
[-63, -72, -100, -91, -100],14/02/2022 16:20:12
[-67, -72, -100, -90, -100],14/02/2022 16:20:16
[-63, -70, -100, -89, -100],14/02/2022 16:20:20
[-67, -69, -100, -88, -100],14/02/2022 16:20:24
[-63, -80, -89, -88, -100],14/02/2022 16:20:28
[-64, -72, -100, -90, -100],14/02/2022 16:20:33
[-63, -71, -100, -89, -100],14/02/2022 16:20:37
[-63, -79, -100, -100, -100],14/02/2022 16:20:41
[-66, -70, -90, -88, -100],14/02/2022 16:20:45
[-64, -70, -100, -100, -100],14/02/2022 16:20:49
[-67, -70, -91, -87, -100],14/02/2022 16:20:53
[-67, -70, -100, -89, -100],14/02/2022 16:20:57
[-64, -79, -100, -88, -100],14/02/2022 16:21:02
[-64, -79, -100, -89, -100],14/02/2022 16:21:06
[-63, -70, -87, -100, -100],14/02/2022 16:21:10
[-63, -80, -100, -87, -100],14/02/2022 16:21:14
[-64, -79, -100, -88, -100],14/02/2022 16:21:18
[-67, -71, -100, -88, -100],14/02/2022 16:21:22
[-63, -71, -100, -87, -100],14/02/2022 16:21:26
[-67, -78, -100, -88, -100],14/02/2022 16:21:31
[-68, -79, -100, -89, -100],14/02/2022 16:21:35
[-64, -78, -100, -88, -100],14/02/2022 16:21:39
[-64, -70, -100, -88, -100],14/02/2022 16:21:43
[-67, -72, -100, -89, -100],14/02/2022 16:21:47
[-67, -70, -100, -91, -100],14/02/2022 16:21:52
[-64, -69, -89, -89, -100],14/02/2022 16:21:56
[-63, -80, -100, -87, -100],14/02/2022 16:22:00
[-63, -80, -100, -100, -100],14/02/2022 16:22:04
[-64, -79, -100, -89, -100],14/02/2022 16:22:08
[-63, -79, -100, -91, -100],14/02/2022 16:22:12
[-63, -72, -100, -89, -100],14/02/2022 16:22:17
[-62, -69, -88, -87, -100],14/02/2022 16:22:21
[-63, -70, -100, -89, -100],14/02/2022 16:22:25
[-67, -69, -89, -88, -100],14/02/2022 16:22:29
[-63, -73, -100, -90, -100],14/02/2022 16:22:33
[-63, -70, -100, -87, -100],14/02/2022 16:22:38
[-63, -77, -90, -90, -100],14/02/2022 16:22:42
[-64, -78, -88, -89, -100],14/02/2022 16:22:46
[-63, -78, -89, -89, -100],14/02/2022 16:22:50
[-66, -73, -100, -89, -100],14/02/2022 16:22:54
[-67, -79, -100, -88, -100],14/02/2022 16:22:58
[-64, -69, -100, -90, -100],14/02/2022 16:23:02
[-67, -70, -100, -100, -100],14/02/2022 16:23:07
[-63, -70, -100, -89, -100],14/02/2022 16:23:11
[-63, -70, -100, -100, -100],14/02/2022 16:23:15
[-63, -78, -100, -88, -100],14/02/2022 16:23:19
[-63, -72, -100, -89, -100],14/02/2022 16:23:23
[-63, -72, -100, -89, -100],14/02/2022 16:23:27
[-64, -73, -100, -90, -100],14/02/2022 16:23:32
[-62, -69, -100, -90, -100],14/02/2022 16:23:36
[-64, -80, -100, -85, -100],14/02/2022 16:23:40
[-63, -71, -91, -89, -100],14/02/2022 16:23:44
[-62, -70, -100, -85, -100],14/02/2022 16:23:48
[-67, -72, -100, -100, -100],14/02/2022 16:23:52
[-63, -70, -91, -84, -100],14/02/2022 16:23:57
[-66, -70, -100, -87, -100],14/02/2022 16:24:01
[-63, -81, -100, -88, -100],14/02/2022 16:24:05
[-63, -69, -100, -90, -100],14/02/2022 16:24:09
[-64, -85, -100, -91, -100],14/02/2022 16:24:13