
[-56, -62, -100, -82, -100],27/02/2022 17:38:16
[-55, -57, -79, -86, -100],27/02/2022 17:38:20
[-56, -62, -83, -85, -100],27/02/2022 17:38:24
[-57, -58, -80, -86, -100],27/02/2022 17:38:28
[-58, -58, -81, -81, -100],27/02/2022 17:38:32
[-58, -58, -81, -78, -100],27/02/2022 17:38:36
[-57, -62, -90, -82, -100],27/02/2022 17:38:41
[-58, -61, -84, -77, -100],27/02/2022 17:38:45
[-56, -66, -78, -88, -100],27/02/2022 17:38:49
[-56, -65, -85, -87, -100],27/02/2022 17:38:53
[-56, -65, -77, -87, -100],27/02/2022 17:38:57
[-56, -65, -79, -87, -100],27/02/2022 17:39:01
[-56, -58, -77, -83, -100],27/02/2022 17:39:05
[-65, -61, -76, -77, -100],27/02/2022 17:39:10
[-63, -65, -81, -88, -100],27/02/2022 17:39:14
[-57, -62, -86, -77, -93],27/02/2022 17:39:18
[-56, -61, -84, -77, -100],27/02/2022 17:39:22
[-58, -61, -78, -78, -100],27/02/2022 17:39:26
[-58, -61, -78, -83, -100],27/02/2022 17:39:30
[-57, -57, -77, -89, -100],27/02/2022 17:39:35
[-57, -57, -77, -86, -100],27/02/2022 17:39:39
[-56, -58, -76, -81, -100],27/02/2022 17:39:43
[-64, -64, -77, -77, -100],27/02/2022 17:39:47
[-64, -64, -77, -77, -100],27/02/2022 17:39:52
[-63, -64, -77, -78, -100],27/02/2022 17:39:55
[-63, -64, -84, -78, -100],27/02/2022 17:40:00
[-64, -64, -100, -78, -100],27/02/2022 17:40:04
[-57, -58, -77, -86, -100],27/02/2022 17:40:08
[-57, -64, -87, -82, -100],27/02/2022 17:40:12
[-57, -64, -77, -82, -100],27/02/2022 17:40:16
[-57, -64, -77, -85, -100],27/02/2022 17:40:22
[-56, -63, -87, -82, -100],27/02/2022 17:40:24
[-56, -59, -76, -78, -100],27/02/2022 17:40:29
[-57, -67, -100, -85, -100],27/02/2022 17:40:33
[-55, -58, -76, -84, -100],27/02/2022 17:40:37
[-56, -63, -76, -86, -100],27/02/2022 17:40:41
[-58, -67, -76, -85, -100],27/02/2022 17:40:45
[-58, -67, -76, -82, -100],27/02/2022 17:40:49
[-63, -59, -87, -78, -100],27/02/2022 17:40:54
[-58, -68, -76, -82, -100],27/02/2022 17:40:58
[-63, -59, -76, -83, -100],27/02/2022 17:41:02
[-56, -64, -76, -85, -100],27/02/2022 17:41:06
[-56, -64, -76, -85, -100],27/02/2022 17:41:10
[-56, -64, -76, -84, -100],27/02/2022 17:41:15
[-58, -64, -89, -77, -100],27/02/2022 17:41:19
[-64, -64, -76, -85, -100],27/02/2022 17:41:23
[-58, -58, -76, -81, -100],27/02/2022 17:41:27
[-63, -64, -77, -85, -100],27/02/2022 17:41:31
[-63, -64, -100, -79, -100],27/02/2022 17:41:35
[-63, -64, -100, -78, -100],27/02/2022 17:41:39
[-55, -67, -79, -78, -100],27/02/2022 17:41:43
[-56, -69, -76, -78, -100],27/02/2022 17:41:47
[-56, -59, -77, -85, -100],27/02/2022 17:41:52
[-56, -58, -76, -78, -100],27/02/2022 17:41:56
[-57, -58, -76, -85, -100],27/02/2022 17:42:00
[-63, -67, -76, -78, -100],27/02/2022 17:42:04
[-63, -64, -77, -84, -100],27/02/2022 17:42:08
[-63, -64, -77, -84, -100],27/02/2022 17:42:12
[-63, -63, -76, -84, -100],27/02/2022 17:42:17
[-56, -63, -76, -81, -100],27/02/2022 17:42:21
[-56, -58, -76, -86, -100],27/02/2022 17:42:25
[-58, -64, -100, -85, -100],27/02/2022 17:42:29
[-56, -58, -76, -85, -100],27/02/2022 17:42:33
[-64, -58, -87, -82, -100],27/02/2022 17:42:37
[-63, -58, -76, -86, -100],27/02/2022 17:42:41
[-63, -68, -75, -82, -100],27/02/2022 17:42:46
[-55, -59, -76, -77, -100],27/02/2022 17:42:50
[-55, -67, -76, -77, -100],27/02/2022 17:42:54
[-56, -58, -90, -77, -100],27/02/2022 17:42:58
[-56, -68, -77, -86, -100],27/02/2022 17:43:02
[-58, -68, -76, -82, -100],27/02/2022 17:43:06
[-56, -68, -100, -83, -100],27/02/2022 17:43:11
[-57, -68, -84, -83, -100],27/02/2022 17:43:15
[-56, -67, -77, -77, -100],27/02/2022 17:43:19
[-62, -63, -77, -76, -100],27/02/2022 17:43:23
[-63, -64, -76, -86, -100],27/02/2022 17:43:27
[-63, -64, -76, -87, -100],27/02/2022 17:43:31
[-55, -64, -76, -87, -100],27/02/2022 17:43:36
[-57, -64, -76, -78, -100],27/02/2022 17:43:40
[-57, -64, -76, -77, -100],27/02/2022 17:43:44
[-58, -58, -76, -83, -100],27/02/2022 17:43:48
[-57, -58, -76, -82, -100],27/02/2022 17:43:52
[-63, -63, -77, -83, -100],27/02/2022 17:43:56
[-63, -67, -87, -86, -100],27/02/2022 17:44:01
[-63, -68, -76, -86, -100],27/02/2022 17:44:05
[-63, -68, -76, -86, -100],27/02/2022 17:44:09
[-56, -68, -76, -83, -100],27/02/2022 17:44:13
[-58, -58, -75, -86, -100],27/02/2022 17:44:17
[-58, -64, -88, -77, -100],27/02/2022 17:44:21
[-57, -64, -100, -78, -100],27/02/2022 17:44:26
[-62, -64, -77, -77, -100],27/02/2022 17:44:30
[-63, -67, -76, -77, -100],27/02/2022 17:44:34
[-56, -57, -77, -87, -100],27/02/2022 17:44:39
[-63, -64, -77, -84, -100],27/02/2022 17:44:42
[-63, -58, -76, -87, -100],27/02/2022 17:44:47
[-58, -63, -77, -84, -100],27/02/2022 17:44:51
[-58, -64, -77, -86, -100],27/02/2022 17:44:55
[-56, -67, -77, -77, -100],27/02/2022 17:44:59
[-55, -58, -75, -77, -100],27/02/2022 17:45:03
[-57, -59, -84, -77, -100],27/02/2022 17:45:07
[-56, -68, -89, -76, -100],27/02/2022 17:45:11
[-64, -64, -77, -77, -100],27/02/2022 17:45:16
[-58, -58, -78, -82, -100],27/02/2022 17:45:20
[-57, -68, -83, -83, -100],27/02/2022 17:45:24
[-57, -67, -100, -84, -100],27/02/2022 17:45:28
[-57, -67, -84, -78, -100],27/02/2022 17:45:32
[-63, -64, -100, -87, -100],27/02/2022 17:45:37
[-58, -64, -77, -84, -100],27/02/2022 17:45:41
[-56, -64, -87, -77, -100],27/02/2022 17:45:45
[-56, -64, -87, -84, -100],27/02/2022 17:45:49
[-63, -64, -76, -86, -100],27/02/2022 17:45:54
[-57, -58, -76, -83, -100],27/02/2022 17:45:57
[-63, -68, -77, -77, -100],27/02/2022 17:46:02
[-57, -58, -76, -81, -100],27/02/2022 17:46:06
[-57, -68, -85, -84, -100],27/02/2022 17:46:10
[-63, -58, -87, -83, -100],27/02/2022 17:46:14
[-55, -64, -77, -77, -100],27/02/2022 17:46:18
[-57, -67, -77, -86, -100],27/02/2022 17:46:22
[-63, -68, -100, -77, -100],27/02/2022 17:46:27
[-55, -68, -76, -78, -100],27/02/2022 17:46:31
[-57, -64, -77, -83, -100],27/02/2022 17:46:35
[-58, -64, -77, -84, -100],27/02/2022 17:46:39
[-58, -64, -83, -84, -100],27/02/2022 17:46:43
[-58, -63, -76, -85, -100],27/02/2022 17:46:47
[-63, -64, -77, -84, -100],27/02/2022 17:46:52
[-57, -58, -78, -77, -100],27/02/2022 17:46:56
[-56, -68, -86, -76, -100],27/02/2022 17:47:00
[-56, -67, -77, -77, -100],27/02/2022 17:47:04
[-56, -58, -77, -77, -100],27/02/2022 17:47:08
[-64, -67, -77, -77, -100],27/02/2022 17:47:13
[-57, -63, -77, -85, -100],27/02/2022 17:47:17
[-63, -64, -85, -81, -100],27/02/2022 17:47:21
[-58, -63, -77, -85, -100],27/02/2022 17:47:25
[-63, -64, -83, -86, -100],27/02/2022 17:47:29
[-56, -58, -78, -77, -100],27/02/2022 17:47:33
[-56, -59, -77, -77, -100],27/02/2022 17:47:38
[-63, -58, -100, -77, -100],27/02/2022 17:47:42
[-58, -58, -77, -77, -100],27/02/2022 17:47:46
[-58, -64, -78, -86, -100],27/02/2022 17:47:50
[-63, -68, -76, -82, -100],27/02/2022 17:47:54
[-63, -68, -76, -82, -100],27/02/2022 17:47:58
[-64, -67, -76, -83, -100],27/02/2022 17:48:02
[-63, -68, -76, -86, -100],27/02/2022 17:48:07
[-58, -59, -77, -86, -100],27/02/2022 17:48:11
[-56, -64, -76, -77, -100],27/02/2022 17:48:15
[-57, -64, -77, -76, -100],27/02/2022 17:48:19
[-55, -63, -78, -77, -100],27/02/2022 17:48:23
[-58, -63, -77, -78, -100],27/02/2022 17:48:27
[-63, -58, -78, -87, -100],27/02/2022 17:48:32
[-64, -58, -78, -85, -100],27/02/2022 17:48:36
[-55, -59, -77, -86, -100],27/02/2022 17:48:40
[-55, -58, -89, -85, -100],27/02/2022 17:48:44
[-63, -58, -77, -86, -100],27/02/2022 17:48:49
[-57, -67, -77, -82, -100],27/02/2022 17:48:53
[-58, -68, -77, -76, -100],27/02/2022 17:48:57
[-56, -68, -76, -77, -100],27/02/2022 17:49:01
[-57, -67, -77, -77, -100],27/02/2022 17:49:05
[-64, -67, -88, -77, -100],27/02/2022 17:49:09
[-64, -64, -84, -84, -100],27/02/2022 17:49:14
[-63, -64, -77, -81, -100],27/02/2022 17:49:18
[-64, -64, -77, -85, -100],27/02/2022 17:49:22
[-100, -68, -84, -85, -100],27/02/2022 17:49:26
[-56, -58, -77, -77, -100],27/02/2022 17:49:30
[-56, -58, -77, -78, -100],27/02/2022 17:49:34
[-63, -59, -100, -77, -100],27/02/2022 17:49:39
[-56, -58, -84, -87, -100],27/02/2022 17:49:43
[-63, -58, -77, -84, -100],27/02/2022 17:49:47
[-63, -68, -77, -85, -100],27/02/2022 17:49:51
[-58, -67, -83, -86, -100],27/02/2022 17:49:55
[-58, -68, -77, -86, -100],27/02/2022 17:49:59
[-57, -68, -76, -77, -100],27/02/2022 17:50:04
[-56, -58, -88, -85, -100],27/02/2022 17:50:08
[-56, -63, -77, -77, -100],27/02/2022 17:50:12
[-55, -64, -85, -82, -100],27/02/2022 17:50:16
[-56, -64, -77, -86, -100],27/02/2022 17:50:20
[-56, -68, -78, -84, -100],27/02/2022 17:50:24
[-63, -58, -78, -85, -100],27/02/2022 17:50:29
[-58, -59, -76, -77, -100],27/02/2022 17:50:33
[-56, -64, -77, -85, -100],27/02/2022 17:50:37
[-58, -58, -77, -77, -100],27/02/2022 17:50:41
[-57, -68, -100, -78, -100],27/02/2022 17:50:45
[-56, -68, -85, -83, -100],27/02/2022 17:50:50
[-57, -58, -76, -84, -100],27/02/2022 17:50:54
[-56, -58, -77, -85, -100],27/02/2022 17:50:58
[-56, -66, -79, -85, -100],27/02/2022 17:51:02
[-57, -58, -77, -77, -100],27/02/2022 17:51:06
[-63, -63, -76, -77, -100],27/02/2022 17:51:10
[-57, -64, -77, -77, -100],27/02/2022 17:51:14
[-57, -64, -77, -77, -100],27/02/2022 17:51:19
[-57, -64, -82, -85, -100],27/02/2022 17:51:23
[-58, -59, -78, -85, -100],27/02/2022 17:51:27
[-63, -59, -85, -82, -100],27/02/2022 17:51:31
[-56, -58, -77, -82, -100],27/02/2022 17:51:35
[-56, -58, -77, -84, -100],27/02/2022 17:51:39
[-56, -58, -77, -83, -100],27/02/2022 17:51:44
[-59, -67, -77, -79, -100],27/02/2022 17:51:48
[-63, -68, -100, -87, -100],27/02/2022 17:51:52
[-57, -63, -78, -77, -100],27/02/2022 17:51:57
[-64, -67, -77, -76, -100],27/02/2022 17:52:01
[-56, -67, -76, -81, -100],27/02/2022 17:52:05
[-57, -59, -100, -84, -100],27/02/2022 17:52:10
[-56, -64, -77, -85, -100],27/02/2022 17:52:14
[-56, -58, -78, -87, -100],27/02/2022 17:52:18
[-57, -64, -100, -77, -100],27/02/2022 17:52:22
[-63, -68, -89, -76, -100],27/02/2022 17:52:26
[-63, -67, -84, -77, -100],27/02/2022 17:52:31
[-63, -58, -77, -77, -100],27/02/2022 17:52:34
[-63, -58, -100, -77, -100],27/02/2022 17:52:38
[-63, -58, -76, -84, -100],27/02/2022 17:52:43
[-56, -67, -76, -84, -100],27/02/2022 17:52:47
[-63, -67, -89, -86, -100],27/02/2022 17:52:51
[-58, -67, -87, -77, -100],27/02/2022 17:52:55
[-57, -67, -85, -82, -100],27/02/2022 17:52:59
[-63, -59, -84, -87, -100],27/02/2022 17:53:03
[-63, -63, -77, -86, -100],27/02/2022 17:53:08
[-64, -64, -77, -84, -100],27/02/2022 17:53:12
[-57, -64, -77, -76, -100],27/02/2022 17:53:16
[-63, -68, -77, -83, -100],27/02/2022 17:53:20
[-57, -64, -77, -84, -100],27/02/2022 17:53:24
[-57, -58, -77, -84, -100],27/02/2022 17:53:28
[-58, -67, -88, -77, -100],27/02/2022 17:53:33
[-56, -58, -78, -78, -100],27/02/2022 17:53:37
[-58, -64, -88, -84, -100],27/02/2022 17:53:41
[-56, -67, -77, -76, -100],27/02/2022 17:53:45
[-55, -67, -78, -86, -100],27/02/2022 17:53:49
[-56, -58, -83, -87, -100],27/02/2022 17:53:53
[-57, -67, -77, -85, -100],27/02/2022 17:53:57
[-63, -67, -100, -76, -100],27/02/2022 17:54:02
[-63, -64, -77, -76, -100],27/02/2022 17:54:06
[-57, -63, -100, -84, -100],27/02/2022 17:54:10
[-58, -64, -77, -82, -100],27/02/2022 17:54:14
[-57, -61, -77, -100, -100],27/02/2022 17:54:18
[-58, -59, -84, -77, -100],27/02/2022 17:54:22
[-55, -59, -100, -82, -100],27/02/2022 17:54:26
[-56, -59, -77, -83, -100],27/02/2022 17:54:31
[-56, -58, -77, -83, -100],27/02/2022 17:54:35
[-56, -58, -76, -75, -100],27/02/2022 17:54:39
[-57, -67, -78, -85, -100],27/02/2022 17:54:43
[-63, -67, -83, -84, -100],27/02/2022 17:54:47
[-58, -67, -84, -85, -100],27/02/2022 17:54:51
[-57, -68, -84, -85, -100],27/02/2022 17:54:56
[-56, -59, -100, -86, -100],27/02/2022 17:55:00
[-58, -64, -82, -82, -100],27/02/2022 17:55:04
[-57, -67, -77, -82, -100],27/02/2022 17:55:08
[-56, -64, -78, -77, -100],27/02/2022 17:55:12
[-56, -64, -78, -83, -100],27/02/2022 17:55:17
[-63, -58, -76, -84, -100],27/02/2022 17:55:21
[-63, -58, -100, -86, -100],27/02/2022 17:55:25
[-63, -58, -77, -84, -100],27/02/2022 17:55:29
[-63, -58, -77, -83, -100],27/02/2022 17:55:33
[-64, -58, -100, -77, -100],27/02/2022 17:55:37
[-56, -67, -78, -77, -100],27/02/2022 17:55:42
[-58, -58, -87, -77, -100],27/02/2022 17:55:46
[-56, -58, -78, -77, -100],27/02/2022 17:55:50
[-56, -68, -78, -76, -100],27/02/2022 17:55:54
[-63, -58, -83, -82, -100],27/02/2022 17:55:58
[-63, -64, -84, -85, -100],27/02/2022 17:56:02
[-63, -68, -77, -84, -100],27/02/2022 17:56:07
[-64, -67, -84, -82, -100],27/02/2022 17:56:11
[-63, -68, -83, -86, -100],27/02/2022 17:56:15
[-58, -64, -77, -85, -100],27/02/2022 17:56:19
[-63, -59, -78, -78, -100],27/02/2022 17:56:23
[-58, -65, -77, -84, -100],27/02/2022 17:56:28
[-64, -64, -77, -77, -100],27/02/2022 17:56:31
[-57, -64, -76, -79, -100],27/02/2022 17:56:36
[-55, -59, -78, -83, -100],27/02/2022 17:56:40
[-56, -58, -84, -83, -100],27/02/2022 17:56:45
[-57, -58, -85, -77, -100],27/02/2022 17:56:48
[-56, -58, -77, -83, -100],27/02/2022 17:56:52
[-58, -58, -77, -86, -100],27/02/2022 17:56:56
[-58, -68, -100, -77, -100],27/02/2022 17:57:01
[-57, -68, -84, -77, -100],27/02/2022 17:57:05
[-57, -64, -84, -85, -100],27/02/2022 17:57:09
[-58, -67, -77, -82, -100],27/02/2022 17:57:13
[-56, -64, -76, -81, -100],27/02/2022 17:57:17
[-56, -58, -83, -83, -100],27/02/2022 17:57:22
[-56, -58, -77, -84, -100],27/02/2022 17:57:26
[-57, -58, -77, -82, -100],27/02/2022 17:57:30
[-55, -58, -78, -84, -100],27/02/2022 17:57:34
[-57, -67, -78, -77, -100],27/02/2022 17:57:38
[-58, -67, -88, -78, -100],27/02/2022 17:57:42
[-57, -67, -77, -78, -100],27/02/2022 17:57:47
[-63, -67, -78, -78, -89],27/02/2022 17:57:51
[-56, -67, -77, -84, -100],27/02/2022 17:57:55
[-64, -58, -78, -84, -100],27/02/2022 17:57:59
[-56, -64, -78, -83, -100],27/02/2022 17:58:03
[-56, -64, -76, -82, -100],27/02/2022 17:58:07
[-58, -64, -77, -83, -100],27/02/2022 17:58:12
[-63, -58, -83, -78, -91],27/02/2022 17:58:16
[-63, -58, -76, -78, -100],27/02/2022 17:58:20
[-63, -58, -77, -77, -100],27/02/2022 17:58:24
[-64, -58, -77, -84, -100],27/02/2022 17:58:28
[-63, -58, -87, -82, -100],27/02/2022 17:58:32
[-55, -67, -88, -100, -100],27/02/2022 17:58:37
[-56, -58, -77, -77, -100],27/02/2022 17:58:41
[-56, -67, -78, -77, -100],27/02/2022 17:58:45
[-56, -68, -77, -84, -100],27/02/2022 17:58:49
[-63, -68, -77, -83, -100],27/02/2022 17:58:53
[-64, -58, -84, -84, -100],27/02/2022 17:58:57
[-58, -58, -85, -83, -100],27/02/2022 17:59:02
[-63, -58, -83, -84, -100],27/02/2022 17:59:06
[-63, -58, -77, -84, -100],27/02/2022 17:59:10
[-56, -68, -83, -78, -100],27/02/2022 17:59:14
[-58, -67, -77, -77, -100],27/02/2022 17:59:18
[-56, -64, -77, -77, -100],27/02/2022 17:59:23
[-56, -67, -77, -77, -100],27/02/2022 17:59:27
[-56, -64, -76, -84, -100],27/02/2022 17:59:31
[-63, -58, -77, -85, -100],27/02/2022 17:59:35
[-64, -57, -77, -85, -100],27/02/2022 17:59:39
[-64, -59, -77, -83, -100],27/02/2022 17:59:43
[-63, -58, -84, -85, -100],27/02/2022 17:59:48
[-56, -58, -78, -76, -100],27/02/2022 17:59:52
[-55, -68, -87, -77, -100],27/02/2022 17:59:56
[-58, -58, -77, -77, -100],27/02/2022 18:00:00
[-57, -68, -100, -77, -100],27/02/2022 18:00:04
[-57, -58, -77, -84, -100],27/02/2022 18:00:08
[-64, -63, -84, -85, -100],27/02/2022 18:00:13
[-63, -67, -85, -85, -100],27/02/2022 18:00:17
[-56, -64, -77, -85, -100],27/02/2022 18:00:21
[-56, -67, -100, -82, -100],27/02/2022 18:00:25
[-63, -67, -100, -75, -100],27/02/2022 18:00:29
[-58, -59, -86, -85, -100],27/02/2022 18:00:34
[-57, -59, -78, -86, -100],27/02/2022 18:00:38
[-57, -59, -78, -77, -100],27/02/2022 18:00:42
[-57, -59, -77, -78, -100],27/02/2022 18:00:46
[-63, -59, -77, -83, -100],27/02/2022 18:00:50
[-56, -68, -100, -82, -100],27/02/2022 18:00:54
[-63, -58, -77, -82, -100],27/02/2022 18:00:58
[-58, -58, -77, -82, -100],27/02/2022 18:01:02
[-63, -58, -76, -77, -100],27/02/2022 18:01:07
[-100, -64, -77, -78, -100],27/02/2022 18:01:11
[-55, -64, -100, -85, -100],27/02/2022 18:01:15
[-56, -68, -87, -79, -100],27/02/2022 18:01:19
[-56, -68, -100, -84, -100],27/02/2022 18:01:23
[-56, -63, -76, -82, -100],27/02/2022 18:01:28
[-57, -58, -77, -82, -100],27/02/2022 18:01:32
[-100, -58, -77, -86, -100],27/02/2022 18:01:36
[-61, -58, -77, -82, -100],27/02/2022 18:01:40
[-56, -58, -76, -83, -100],27/02/2022 18:01:44
[-57, -59, -100, -78, -95],27/02/2022 18:01:48
[-58, -68, -77, -78, -100],27/02/2022 18:01:53
[-57, -68, -75, -77, -100],27/02/2022 18:01:57
[-63, -67, -75, -78, -100],27/02/2022 18:02:01
[-57, -67, -76, -83, -87],27/02/2022 18:02:05
[-56, -64, -83, -83, -100],27/02/2022 18:02:09
[-56, -64, -76, -83, -100],27/02/2022 18:02:14
[-56, -64, -100, -83, -100],27/02/2022 18:02:18
[-57, -64, -85, -83, -100],27/02/2022 18:02:22
[-58, -64, -77, -81, -92],27/02/2022 18:02:26
[-56, -59, -100, -79, -93],27/02/2022 18:02:30
[-57, -58, -82, -78, -94],27/02/2022 18:02:34
[-58, -58, -77, -79, -100],27/02/2022 18:02:39
[-58, -58, -87, -78, -91],27/02/2022 18:02:43
[-56, -59, -77, -83, -100],27/02/2022 18:02:47
[-56, -67, -100, -83, -100],27/02/2022 18:02:51
[-56, -64, -77, -84, -100],27/02/2022 18:02:55
[-56, -67, -78, -85, -100],27/02/2022 18:02:59
[-56, -67, -77, -79, -100],27/02/2022 18:03:03
[-63, -59, -77, -80, -100],27/02/2022 18:03:08
[-57, -63, -86, -79, -100],27/02/2022 18:03:12
[-62, -64, -83, -79, -100],27/02/2022 18:03:16
[-64, -64, -77, -83, -100],27/02/2022 18:03:20
[-63, -58, -81, -83, -100],27/02/2022 18:03:24
[-56, -58, -77, -83, -100],27/02/2022 18:03:29
[-56, -59, -78, -82, -100],27/02/2022 18:03:33
[-57, -58, -77, -83, -100],27/02/2022 18:03:37
[-57, -59, -76, -85, -100],27/02/2022 18:03:41
[-63, -58, -76, -86, -100],27/02/2022 18:03:45
[-63, -68, -85, -75, -90],27/02/2022 18:03:49
[-56, -67, -76, -75, -95],27/02/2022 18:03:54
[-56, -68, -84, -78, -100],27/02/2022 18:03:58
[-56, -67, -76, -89, -100],27/02/2022 18:04:02
[-57, -59, -76, -82, -100],27/02/2022 18:04:06
[-63, -64, -76, -81, -92],27/02/2022 18:04:10
[-58, -58, -77, -84, -100],27/02/2022 18:04:14
[-63, -68, -77, -85, -100],27/02/2022 18:04:19
[-55, -64, -82, -85, -100],27/02/2022 18:04:23
[-56, -67, -81, -86, -100],27/02/2022 18:04:27
[-55, -67, -76, -77, -100],27/02/2022 18:04:31
[-56, -66, -84, -90, -100],27/02/2022 18:04:35
[-63, -58, -77, -78, -100],27/02/2022 18:04:40
[-63, -67, -85, -84, -100],27/02/2022 18:04:44
[-63, -67, -75, -84, -92],27/02/2022 18:04:48
[-63, -63, -74, -77, -100],27/02/2022 18:04:52
[-64, -63, -76, -85, -100],27/02/2022 18:04:56
[-55, -64, -77, -80, -100],27/02/2022 18:05:00
[-55, -67, -76, -90, -100],27/02/2022 18:05:05
[-57, -58, -77, -88, -92],27/02/2022 18:05:09
[-56, -58, -77, -90, -100],27/02/2022 18:05:13
[-64, -64, -100, -77, -100],27/02/2022 18:05:17
[-57, -68, -76, -86, -94],27/02/2022 18:05:21
[-63, -63, -76, -85, -100],27/02/2022 18:05:25
[-55, -64, -84, -86, -100],27/02/2022 18:05:30
[-64, -63, -77, -86, -100],27/02/2022 18:05:34
[-56, -63, -83, -86, -100],27/02/2022 18:05:38
[-63, -64, -77, -88, -100],27/02/2022 18:05:42
[-57, -64, -75, -76, -100],27/02/2022 18:05:46
[-56, -58, -77, -83, -100],27/02/2022 18:05:50
[-57, -59, -76, -78, -100],27/02/2022 18:05:54
[-63, -58, -85, -78, -100],27/02/2022 18:05:59
[-63, -58, -78, -83, -100],27/02/2022 18:06:03
[-57, -58, -83, -77, -100],27/02/2022 18:06:07
[-63, -58, -77, -84, -100],27/02/2022 18:06:11
[-56, -64, -100, -78, -100],27/02/2022 18:06:15
[-56, -68, -76, -83, -100],27/02/2022 18:06:19
[-58, -64, -83, -77, -100],27/02/2022 18:06:24
[-57, -64, -82, -86, -100],27/02/2022 18:06:28
[-57, -63, -77, -86, -100],27/02/2022 18:06:32
[-56, -64, -76, -87, -100],27/02/2022 18:06:36
[-63, -64, -100, -84, -100],27/02/2022 18:06:40
[-56, -64, -100, -85, -100],27/02/2022 18:06:44
[-63, -58, -86, -84, -100],27/02/2022 18:06:49
[-56, -58, -76, -84, -100],27/02/2022 18:06:53
[-58, -64, -77, -84, -100],27/02/2022 18:06:57
[-58, -67, -76, -85, -100],27/02/2022 18:07:01
[-57, -64, -78, -85, -100],27/02/2022 18:07:05
[-63, -67, -100, -86, -100],27/02/2022 18:07:10
[-58, -58, -77, -85, -100],27/02/2022 18:07:14
[-55, -67, -100, -84, -100],27/02/2022 18:07:18
[-57, -64, -83, -86, -100],27/02/2022 18:07:22
[-56, -64, -76, -88, -100],27/02/2022 18:07:26
[-58, -68, -78, -80, -100],27/02/2022 18:07:30
[-57, -64, -85, -75, -100],27/02/2022 18:07:34
[-63, -68, -78, -81, -100],27/02/2022 18:07:39
[-63, -58, -87, -76, -100],27/02/2022 18:07:43
[-63, -58, -77, -82, -100],27/02/2022 18:07:47
[-63, -58, -87, -82, -100],27/02/2022 18:07:51
[-58, -64, -100, -79, -100],27/02/2022 18:07:55
[-58, -68, -76, -82, -100],27/02/2022 18:08:00
[-56, -68, -77, -77, -100],27/02/2022 18:08:04
[-57, -68, -86, -78, -100],27/02/2022 18:08:08
[-58, -67, -77, -81, -100],27/02/2022 18:08:12
[-63, -68, -83, -82, -100],27/02/2022 18:08:17
[-63, -64, -76, -83, -100],27/02/2022 18:08:20
[-61, -59, -78, -82, -100],27/02/2022 18:08:25
[-63, -64, -77, -83, -100],27/02/2022 18:08:29
[-56, -59, -77, -81, -100],27/02/2022 18:08:33
[-55, -64, -76, -80, -100],27/02/2022 18:08:37
[-58, -58, -76, -83, -100],27/02/2022 18:08:41
[-58, -68, -84, -82, -100],27/02/2022 18:08:45
[-56, -58, -76, -83, -100],27/02/2022 18:08:50
[-63, -58, -82, -84, -100],27/02/2022 18:08:58
[-63, -64, -79, -82, -100],27/02/2022 18:09:00
[-56, -64, -77, -82, -100],27/02/2022 18:09:04
[-56, -68, -76, -82, -100],27/02/2022 18:09:09
[-56, -68, -100, -82, -100],27/02/2022 18:09:13
[-58, -68, -77, -81, -100],27/02/2022 18:09:17
[-58, -64, -77, -82, -100],27/02/2022 18:09:21
[-63, -67, -83, -81, -100],27/02/2022 18:09:25
[-63, -64, -78, -81, -100],27/02/2022 18:09:29
[-56, -64, -76, -82, -100],27/02/2022 18:09:34
[-57, -63, -87, -83, -100],27/02/2022 18:09:38
[-58, -58, -77, -83, -100],27/02/2022 18:09:42
[-58, -58, -77, -80, -100],27/02/2022 18:09:46
[-58, -58, -86, -83, -100],27/02/2022 18:09:50
[-63, -58, -100, -80, -100],27/02/2022 18:09:54
[-56, -67, -77, -83, -100],27/02/2022 18:09:59
[-56, -68, -77, -83, -100],27/02/2022 18:10:03
[-56, -68, -77, -82, -100],27/02/2022 18:10:07
[-56, -58, -77, -83, -100],27/02/2022 18:10:11
[-58, -58, -100, -82, -100],27/02/2022 18:10:15
[-58, -64, -83, -81, -100],27/02/2022 18:10:19
[-63, -64, -79, -82, -100],27/02/2022 18:10:24
[-57, -64, -76, -82, -100],27/02/2022 18:10:28
[-56, -64, -77, -83, -100],27/02/2022 18:10:32
[-57, -64, -76, -84, -100],27/02/2022 18:10:36
[-57, -59, -77, -100, -100],27/02/2022 18:10:40
[-57, -58, -100, -81, -100],27/02/2022 18:10:44
[-56, -58, -76, -81, -100],27/02/2022 18:10:48
[-58, -58, -100, -84, -100],27/02/2022 18:10:53
[-58, -68, -100, -84, -100],27/02/2022 18:10:57
[-63, -63, -80, -84, -100],27/02/2022 18:11:01
[-57, -68, -84, -100, -100],27/02/2022 18:11:05
[-63, -67, -77, -84, -100],27/02/2022 18:11:09
[-59, -67, -78, -81, -100],27/02/2022 18:11:13
[-54, -64, -100, -81, -100],27/02/2022 18:11:17
[-57, -63, -79, -83, -100],27/02/2022 18:11:22
[-58, -64, -81, -81, -100],27/02/2022 18:11:26
[-63, -64, -76, -81, -100],27/02/2022 18:11:30
[-56, -68, -76, -86, -100],27/02/2022 18:11:34
[-55, -58, -78, -81, -100],27/02/2022 18:11:38
[-56, -58, -77, -85, -100],27/02/2022 18:11:42
[-58, -58, -77, -84, -100],27/02/2022 18:11:47
[-58, -58, -79, -84, -100],27/02/2022 18:11:51
[-57, -68, -76, -84, -100],27/02/2022 18:11:55
[-100, -67, -78, -80, -100],27/02/2022 18:11:59
[-55, -67, -77, -83, -100],27/02/2022 18:12:03
[-58, -67, -77, -79, -100],27/02/2022 18:12:07
[-55, -67, -81, -82, -100],27/02/2022 18:12:12
[-63, -64, -77, -80, -100],27/02/2022 18:12:16
[-58, -57, -77, -83, -100],27/02/2022 18:12:20
[-63, -64, -76, -79, -100],27/02/2022 18:12:24
[-58, -64, -77, -83, -100],27/02/2022 18:12:28
[-56, -64, -82, -81, -100],27/02/2022 18:12:32
[-57, -58, -76, -86, -100],27/02/2022 18:12:36
[-56, -59, -81, -82, -100],27/02/2022 18:12:41
[-57, -58, -82, -80, -100],27/02/2022 18:12:45
[-63, -59, -78, -81, -100],27/02/2022 18:12:49
[-64, -67, -84, -80, -100],27/02/2022 18:12:53
[-56, -67, -77, -80, -100],27/02/2022 18:12:57
[-63, -68, -77, -80, -100],27/02/2022 18:13:02
[-56, -67, -77, -84, -100],27/02/2022 18:13:08
[-58, -64, -83, -83, -100],27/02/2022 18:13:12
[-58, -59, -76, -83, -100],27/02/2022 18:13:17
[-57, -63, -84, -83, -100],27/02/2022 18:13:21
[-56, -64, -88, -84, -100],27/02/2022 18:13:25
[-56, -64, -76, -81, -100],27/02/2022 18:13:29
[-55, -67, -77, -80, -100],27/02/2022 18:13:33
[-56, -68, -84, -80, -100],27/02/2022 18:13:37
[-56, -67, -76, -80, -100],27/02/2022 18:13:41
[-58, -67, -100, -82, -100],27/02/2022 18:13:45
[-57, -64, -100, -84, -100],27/02/2022 18:13:50
[-58, -63, -80, -84, -100],27/02/2022 18:13:54
[-58, -64, -83, -84, -100],27/02/2022 18:13:58
[-58, -64, -77, -83, -100],27/02/2022 18:14:02
[-56, -64, -82, -83, -100],27/02/2022 18:14:06
[-56, -58, -76, -82, -100],27/02/2022 18:14:11
[-56, -68, -100, -84, -100],27/02/2022 18:14:16
[-57, -67, -100, -83, -100],27/02/2022 18:14:19
[-63, -58, -77, -84, -100],27/02/2022 18:14:23
[-57, -58, -77, -85, -100],27/02/2022 18:14:27
[-58, -64, -81, -80, -100],27/02/2022 18:14:31
[-63, -64, -76, -100, -100],27/02/2022 18:14:36
[-58, -63, -84, -83, -100],27/02/2022 18:14:40
[-56, -64, -76, -81, -100],27/02/2022 18:14:44
[-56, -58, -100, -80, -100],27/02/2022 18:14:48
[-58, -59, -77, -100, -100],27/02/2022 18:14:52
[-55, -58, -100, -81, -100],27/02/2022 18:14:56
[-56, -58, -76, -80, -100],27/02/2022 18:15:01
[-58, -58, -77, -79, -100],27/02/2022 18:15:05
[-57, -64, -79, -81, -100],27/02/2022 18:15:09
[-63, -64, -77, -84, -100],27/02/2022 18:15:13
[-63, -68, -86, -82, -100],27/02/2022 18:15:17
[-56, -64, -77, -80, -100],27/02/2022 18:15:21
[-56, -68, -77, -80, -100],27/02/2022 18:15:26
[-56, -58, -76, -81, -100],27/02/2022 18:15:30
[-56, -58, -77, -100, -100],27/02/2022 18:15:34
[-56, -61, -77, -81, -100],27/02/2022 18:15:38
[-63, -59, -76, -84, -100],27/02/2022 18:15:42
[-57, -63, -86, -84, -100],27/02/2022 18:15:46
[-64, -68, -76, -83, -100],27/02/2022 18:15:51
[-56, -63, -87, -83, -100],27/02/2022 18:15:55
[-63, -67, -81, -79, -100],27/02/2022 18:15:59
[-57, -68, -76, -80, -100],27/02/2022 18:16:03
[-57, -64, -77, -80, -100],27/02/2022 18:16:07
[-57, -64, -85, -84, -100],27/02/2022 18:16:11
[-57, -64, -76, -80, -100],27/02/2022 18:16:16
[-63, -64, -76, -81, -100],27/02/2022 18:16:20
[-56, -64, -77, -85, -100],27/02/2022 18:16:24
[-56, -58, -100, -84, -100],27/02/2022 18:16:28
[-56, -64, -76, -83, -100],27/02/2022 18:16:33
[-56, -58, -89, -85, -100],27/02/2022 18:16:37
[-64, -59, -84, -84, -100],27/02/2022 18:16:41
[-63, -67, -77, -79, -100],27/02/2022 18:16:45
[-63, -67, -77, -84, -100],27/02/2022 18:16:49
[-56, -67, -76, -80, -100],27/02/2022 18:16:53
[-63, -68, -100, -79, -100],27/02/2022 18:16:57
[-57, -68, -76, -84, -100],27/02/2022 18:17:01
[-57, -64, -100, -83, -100],27/02/2022 18:17:06
[-58, -67, -81, -80, -100],27/02/2022 18:17:10
[-58, -64, -76, -83, -100],27/02/2022 18:17:14
[-56, -64, -77, -84, -100],27/02/2022 18:17:18
[-56, -64, -76, -80, -100],27/02/2022 18:17:22
[-55, -58, -76, -80, -100],27/02/2022 18:17:26
[-56, -64, -81, -84, -100],27/02/2022 18:17:31
[-55, -59, -77, -81, -100],27/02/2022 18:17:35
[-57, -64, -83, -83, -100],27/02/2022 18:17:39
[-57, -58, -100, -83, -100],27/02/2022 18:17:43
[-63, -59, -100, -82, -100],27/02/2022 18:17:47
[-63, -67, -76, -82, -100],27/02/2022 18:17:51
[-63, -68, -76, -84, -100],27/02/2022 18:17:56
[-56, -58, -76, -81, -100],27/02/2022 18:18:00
[-56, -64, -100, -80, -100],27/02/2022 18:18:04
[-58, -64, -76, -80, -100],27/02/2022 18:18:08
[-56, -64, -76, -80, -100],27/02/2022 18:18:12
[-63, -64, -77, -84, -100],27/02/2022 18:18:16
[-57, -64, -81, -83, -100],27/02/2022 18:18:21
[-63, -64, -80, -83, -100],27/02/2022 18:18:25
[-63, -100, -80, -83, -100],27/02/2022 18:18:29
[-63, -64, -76, -100, -100],27/02/2022 18:18:33
[-57, -67, -84, -84, -100],27/02/2022 18:18:37
[-56, -58, -81, -82, -100],27/02/2022 18:18:41
[-63, -58, -75, -82, -100],27/02/2022 18:18:46
[-56, -58, -80, -84, -100],27/02/2022 18:18:50
[-58, -59, -76, -80, -100],27/02/2022 18:18:54
[-56, -58, -82, -80, -100],27/02/2022 18:18:58
[-63, -68, -75, -83, -100],27/02/2022 18:19:02
[-56, -58, -77, -79, -100],27/02/2022 18:19:06
[-55, -67, -77, -80, -100],27/02/2022 18:19:10
[-63, -58, -77, -83, -100],27/02/2022 18:19:15
[-58, -67, -76, -82, -100],27/02/2022 18:19:19
[-63, -64, -100, -82, -100],27/02/2022 18:19:23
[-58, -67, -76, -85, -100],27/02/2022 18:19:27
[-63, -64, -76, -80, -100],27/02/2022 18:19:31
[-56, -64, -75, -83, -100],27/02/2022 18:19:35
[-55, -58, -85, -85, -100],27/02/2022 18:19:40
[-57, -58, -83, -82, -100],27/02/2022 18:19:44
[-57, -64, -75, -83, -100],27/02/2022 18:19:48
[-56, -59, -83, -84, -100],27/02/2022 18:19:52
[-63, -58, -82, -84, -100],27/02/2022 18:19:56
[-63, -100, -75, -79, -100],27/02/2022 18:20:01
[-56, -64, -75, -81, -100],27/02/2022 18:20:05
[-63, -58, -100, -79, -100],27/02/2022 18:20:09
[-55, -58, -75, -80, -100],27/02/2022 18:20:13
[-57, -64, -88, -83, -100],27/02/2022 18:20:17
[-56, -67, -75, -83, -100],27/02/2022 18:20:21
[-56, -68, -76, -84, -100],27/02/2022 18:20:25
[-57, -67, -75, -85, -88],27/02/2022 18:20:30
[-56, -59, -75, -80, -100],27/02/2022 18:20:34
[-63, -64, -85, -83, -100],27/02/2022 18:20:38
[-63, -64, -77, -82, -100],27/02/2022 18:20:42
[-63, -68, -83, -80, -100],27/02/2022 18:20:46
[-63, -65, -75, -82, -100],27/02/2022 18:20:50
[-56, -64, -76, -86, -89],27/02/2022 18:20:55
[-58, -58, -75, -84, -100],27/02/2022 18:20:59
[-56, -59, -77, -85, -100],27/02/2022 18:21:03
[-63, -64, -79, -86, -96],27/02/2022 18:21:07
[-63, -58, -75, -80, -100],27/02/2022 18:21:12
[-64, -63, -83, -82, -100],27/02/2022 18:21:15
[-56, -63, -100, -79, -100],27/02/2022 18:21:20
[-56, -67, -80, -80, -100],27/02/2022 18:21:24
[-58, -59, -78, -79, -100],27/02/2022 18:21:28
[-58, -67, -78, -82, -100],27/02/2022 18:21:32
[-63, -64, -76, -82, -100],27/02/2022 18:21:36
[-58, -67, -81, -83, -100],27/02/2022 18:21:40
[-63, -67, -78, -81, -92],27/02/2022 18:21:45
[-63, -67, -78, -83, -87],27/02/2022 18:21:49
[-56, -63, -79, -76, -89],27/02/2022 18:21:53
[-63, -59, -77, -77, -92],27/02/2022 18:21:57
[-57, -58, -78, -81, -86],27/02/2022 18:22:01
[-58, -59, -79, -76, -91],27/02/2022 18:22:05
[-64, -58, -83, -76, -90],27/02/2022 18:22:10
[-62, -58, -87, -82, -89],27/02/2022 18:22:14
[-63, -64, -78, -79, -93],27/02/2022 18:22:18
[-56, -67, -85, -79, -100],27/02/2022 18:22:22
[-63, -67, -84, -83, -90],27/02/2022 18:22:26
[-56, -67, -79, -77, -94],27/02/2022 18:22:30
[-58, -64, -79, -77, -91],27/02/2022 18:22:35
[-58, -64, -78, -77, -91],27/02/2022 18:22:39
[-57, -63, -100, -79, -100],27/02/2022 18:22:43
[-58, -67, -91, -76, -100],27/02/2022 18:22:48
[-63, -63, -79, -80, -91],27/02/2022 18:22:51
[-56, -58, -81, -82, -100],27/02/2022 18:22:56
[-56, -58, -78, -81, -100],27/02/2022 18:23:00
[-56, -64, -77, -80, -100],27/02/2022 18:23:04
[-63, -58, -77, -84, -100],27/02/2022 18:23:08
[-58, -59, -77, -78, -100],27/02/2022 18:23:12
[-63, -68, -77, -78, -100],27/02/2022 18:23:17
[-100, -58, -77, -78, -86],27/02/2022 18:23:21
[-56, -58, -77, -80, -90],27/02/2022 18:23:25
[-56, -67, -100, -84, -92],27/02/2022 18:23:29
[-62, -64, -100, -83, -92],27/02/2022 18:23:33
[-63, -63, -84, -82, -95],27/02/2022 18:23:37
[-56, -64, -100, -82, -93],27/02/2022 18:23:42
[-56, -64, -88, -83, -100],27/02/2022 18:23:45
[-58, -64, -79, -86, -100],27/02/2022 18:23:50
[-56, -58, -87, -78, -100],27/02/2022 18:23:54
[-55, -58, -78, -85, -95],27/02/2022 18:23:58
[-56, -59, -83, -78, -100],27/02/2022 18:24:02
[-63, -68, -82, -83, -91],27/02/2022 18:24:06
[-63, -58, -79, -100, -100],27/02/2022 18:24:11
[-63, -64, -77, -78, -91],27/02/2022 18:24:15
[-63, -67, -77, -78, -100],27/02/2022 18:24:19
[-63, -64, -78, -84, -91],27/02/2022 18:24:23
[-64, -67, -77, -82, -100],27/02/2022 18:24:27
[-56, -58, -87, -84, -100],27/02/2022 18:24:32
[-58, -59, -77, -86, -100],27/02/2022 18:24:36
[-58, -64, -100, -83, -100],27/02/2022 18:24:40
[-58, -57, -77, -85, -91],27/02/2022 18:24:44
[-63, -64, -82, -78, -100],27/02/2022 18:24:48
[-64, -67, -84, -78, -90],27/02/2022 18:24:52
[-56, -67, -100, -79, -91],27/02/2022 18:24:56
[-55, -58, -77, -85, -91],27/02/2022 18:25:01
[-58, -58, -79, -77, -100],27/02/2022 18:25:05
[-58, -58, -79, -78, -92],27/02/2022 18:25:09
[-58, -64, -79, -78, -92],27/02/2022 18:25:13
[-63, -68, -78, -78, -91],27/02/2022 18:25:17
[-58, -67, -77, -78, -90],27/02/2022 18:25:22
[-55, -64, -77, -78, -100],27/02/2022 18:25:26
[-55, -58, -77, -100, -100],27/02/2022 18:25:30
[-56, -64, -77, -84, -90],27/02/2022 18:25:34
[-55, -64, -78, -83, -90],27/02/2022 18:25:38
[-56, -58, -77, -78, -89],27/02/2022 18:25:42
[-57, -58, -76, -78, -92],27/02/2022 18:25:46
[-63, -58, -78, -78, -100],27/02/2022 18:25:51
[-57, -68, -78, -79, -92],27/02/2022 18:25:55
[-63, -67, -82, -77, -100],27/02/2022 18:25:59
[-55, -67, -78, -84, -100],27/02/2022 18:26:03
[-56, -58, -77, -85, -100],27/02/2022 18:26:07
[-56, -59, -76, -82, -100],27/02/2022 18:26:12
[-55, -64, -100, -85, -91],27/02/2022 18:26:16
[-56, -58, -77, -79, -91],27/02/2022 18:26:20
[-63, -64, -77, -78, -91],27/02/2022 18:26:24
[-64, -63, -77, -80, -93],27/02/2022 18:26:28
[-63, -68, -88, -79, -100],27/02/2022 18:26:32
[-63, -67, -79, -78, -100],27/02/2022 18:26:36
[-63, -68, -78, -84, -100],27/02/2022 18:26:41
[-56, -58, -78, -86, -100],27/02/2022 18:26:45
[-57, -57, -78, -83, -91],27/02/2022 18:26:49
[-56, -67, -100, -83, -90],27/02/2022 18:26:53
[-58, -64, -77, -85, -100],27/02/2022 18:26:57
[-56, -67, -78, -86, -91],27/02/2022 18:27:02
[-62, -68, -79, -85, -100],27/02/2022 18:27:06
[-56, -64, -83, -79, -100],27/02/2022 18:27:10
[-64, -64, -82, -82, -100],27/02/2022 18:27:14
[-63, -59, -80, -83, -91],27/02/2022 18:27:18
[-58, -64, -77, -85, -92],27/02/2022 18:27:22
[-58, -68, -78, -85, -100],27/02/2022 18:27:27
[-64, -58, -78, -84, -90],27/02/2022 18:27:31
[-58, -68, -78, -84, -90],27/02/2022 18:27:35
[-57, -58, -82, -83, -93],27/02/2022 18:27:39
[-63, -64, -100, -85, -92],27/02/2022 18:27:43
[-56, -64, -77, -82, -100],27/02/2022 18:27:47
[-56, -58, -81, -83, -92],27/02/2022 18:27:52
[-55, -68, -76, -79, -100],27/02/2022 18:27:57
[-57, -68, -83, -78, -91],27/02/2022 18:28:00
[-57, -68, -77, -78, -89],27/02/2022 18:28:04
[-58, -64, -86, -85, -89],27/02/2022 18:28:08
[-57, -64, -77, -83, -100],27/02/2022 18:28:12
[-57, -64, -77, -84, -90],27/02/2022 18:28:17
[-56, -63, -76, -84, -90],27/02/2022 18:28:21
[-58, -58, -78, -82, -88],27/02/2022 18:28:25
[-56, -67, -77, -82, -100],27/02/2022 18:28:29
[-56, -58, -77, -79, -100],27/02/2022 18:28:33
[-58, -59, -77, -80, -94],27/02/2022 18:28:38
[-63, -59, -100, -86, -100],27/02/2022 18:28:42
[-57, -68, -82, -79, -100],27/02/2022 18:28:46
[-63, -64, -78, -85, -92],27/02/2022 18:28:50
[-58, -64, -100, -78, -100],27/02/2022 18:28:54
[-56, -64, -78, -84, -100],27/02/2022 18:28:58
[-55, -64, -77, -83, -91],27/02/2022 18:29:03
[-56, -58, -78, -82, -90],27/02/2022 18:29:07
[-57, -58, -83, -78, -91],27/02/2022 18:29:11
[-56, -59, -77, -84, -100],27/02/2022 18:29:15
[-63, -64, -77, -84, -90],27/02/2022 18:29:19
[-58, -64, -77, -85, -87],27/02/2022 18:29:23
[-63, -58, -79, -84, -90],27/02/2022 18:29:28
[-63, -58, -79, -84, -100],27/02/2022 18:29:32
[-63, -58, -79, -78, -91],27/02/2022 18:29:38
[-56, -58, -80, -78, -100],27/02/2022 18:29:40
[-56, -64, -78, -79, -100],27/02/2022 18:29:44
[-55, -68, -78, -78, -89],27/02/2022 18:29:48
[-56, -58, -78, -82, -100],27/02/2022 18:29:53
[-63, -58, -77, -84, -90],27/02/2022 18:29:57
[-63, -68, -78, -83, -91],27/02/2022 18:30:01
[-61, -63, -78, -84, -88],27/02/2022 18:30:05
[-63, -64, -78, -84, -92],27/02/2022 18:30:09
[-63, -59, -77, -83, -100],27/02/2022 18:30:13
[-57, -58, -77, -83, -91],27/02/2022 18:30:18
[-56, -68, -77, -78, -100],27/02/2022 18:30:22
[-58, -67, -76, -85, -100],27/02/2022 18:30:26
[-63, -58, -76, -83, -100],27/02/2022 18:30:30
[-58, -68, -76, -85, -100],27/02/2022 18:30:34
[-63, -68, -77, -79, -100],27/02/2022 18:30:39
[-63, -64, -76, -85, -91],27/02/2022 18:30:43
[-63, -68, -76, -78, -100],27/02/2022 18:30:47
[-63, -64, -83, -78, -100],27/02/2022 18:30:51
[-58, -64, -76, -86, -100],27/02/2022 18:30:55
[-57, -63, -76, -84, -100],27/02/2022 18:30:59
[-57, -58, -76, -84, -100],27/02/2022 18:31:04
[-63, -58, -76, -83, -91],27/02/2022 18:31:08
[-58, -59, -76, -83, -100],27/02/2022 18:31:12
[-56, -58, -76, -79, -100],27/02/2022 18:31:16
[-63, -67, -76, -78, -100],27/02/2022 18:31:20
[-56, -68, -76, -78, -100],27/02/2022 18:31:24
[-56, -68, -76, -78, -100],27/02/2022 18:31:28
[-55, -67, -77, -84, -100],27/02/2022 18:31:33
[-58, -64, -76, -82, -89],27/02/2022 18:31:37
[-58, -59, -75, -81, -100],27/02/2022 18:31:41
[-57, -63, -86, -83, -100],27/02/2022 18:31:45
[-57, -58, -77, -82, -100],27/02/2022 18:31:49
[-56, -64, -78, -80, -100],27/02/2022 18:31:54
[-56, -64, -77, -82, -100],27/02/2022 18:31:58
[-56, -58, -78, -77, -100],27/02/2022 18:32:02
[-56, -58, -76, -84, -100],27/02/2022 18:32:06
[-55, -58, -76, -74, -100],27/02/2022 18:32:10
[-58, -58, -100, -85, -100],27/02/2022 18:32:14
[-63, -68, -77, -76, -100],27/02/2022 18:32:19
[-63, -68, -85, -83, -100],27/02/2022 18:32:23
[-63, -68, -84, -83, -100],27/02/2022 18:32:27
[-64, -67, -100, -76, -93],27/02/2022 18:32:31
[-56, -100, -78, -85, -94],27/02/2022 18:32:35
[-58, -58, -77, -85, -94],27/02/2022 18:32:39
[-57, -58, -100, -84, -100],27/02/2022 18:32:44
[-57, -59, -100, -81, -100],27/02/2022 18:32:48
[-56, -58, -77, -82, -100],27/02/2022 18:32:52
[-64, -68, -100, -76, -90],27/02/2022 18:32:56
[-56, -64, -83, -84, -90],27/02/2022 18:33:00
[-63, -64, -77, -76, -88],27/02/2022 18:33:04
[-58, -58, -76, -85, -89],27/02/2022 18:33:08
[-57, -64, -100, -84, -89],27/02/2022 18:33:13
[-57, -59, -100, -83, -100],27/02/2022 18:33:17
[-57, -63, -77, -85, -100],27/02/2022 18:33:21
[-57, -64, -85, -84, -91],27/02/2022 18:33:25
[-58, -63, -77, -84, -90],27/02/2022 18:33:29
[-56, -64, -77, -83, -100],27/02/2022 18:33:33
[-56, -68, -79, -83, -100],27/02/2022 18:33:38
[-56, -58, -77, -83, -100],27/02/2022 18:33:42
[-56, -68, -78, -82, -93],27/02/2022 18:33:46
[-57, -58, -78, -77, -90],27/02/2022 18:33:50
[-64, -68, -78, -87, -100],27/02/2022 18:33:54
[-63, -64, -79, -85, -91],27/02/2022 18:33:59
[-63, -68, -84, -77, -95],27/02/2022 18:34:03
[-57, -64, -78, -77, -92],27/02/2022 18:34:07
[-56, -64, -78, -84, -100],27/02/2022 18:34:11
[-58, -59, -77, -84, -85],27/02/2022 18:34:15
[-56, -58, -77, -86, -100],27/02/2022 18:34:19
[-56, -58, -77, -80, -100],27/02/2022 18:34:23
[-56, -58, -79, -77, -91],27/02/2022 18:34:28
[-63, -58, -87, -79, -92],27/02/2022 18:34:32
[-58, -67, -100, -79, -89],27/02/2022 18:34:36
[-64, -58, -100, -82, -90],27/02/2022 18:34:40
[-57, -67, -79, -82, -100],27/02/2022 18:34:44
[-56, -58, -80, -76, -100],27/02/2022 18:34:48
[-56, -68, -78, -81, -90],27/02/2022 18:34:53
[-56, -64, -78, -81, -100],27/02/2022 18:34:57
[-56, -64, -77, -84, -90],27/02/2022 18:35:01
[-57, -59, -100, -78, -100],27/02/2022 18:35:05
[-63, -68, -80, -77, -100],27/02/2022 18:35:09
[-63, -67, -84, -77, -94],27/02/2022 18:35:14
[-63, -59, -84, -77, -91],27/02/2022 18:35:18
[-64, -64, -79, -78, -100],27/02/2022 18:35:22
[-63, -63, -80, -79, -100],27/02/2022 18:35:26
[-56, -58, -80, -79, -100],27/02/2022 18:35:30
[-56, -68, -79, -79, -90],27/02/2022 18:35:34
[-58, -67, -79, -82, -93],27/02/2022 18:35:39
[-63, -67, -79, -82, -100],27/02/2022 18:35:43
[-56, -58, -79, -76, -100],27/02/2022 18:35:47
[-56, -65, -100, -79, -89],27/02/2022 18:35:51
[-56, -64, -100, -76, -100],27/02/2022 18:35:55
[-56, -64, -80, -78, -89],27/02/2022 18:36:00
[-56, -58, -82, -82, -87],27/02/2022 18:36:04
[-58, -64, -80, -83, -89],27/02/2022 18:36:08
[-63, -64, -80, -81, -90],27/02/2022 18:36:12
[-58, -64, -80, -83, -90],27/02/2022 18:36:16
[-57, -58, -80, -80, -100],27/02/2022 18:36:20
[-63, -64, -79, -76, -92],27/02/2022 18:36:24
[-56, -68, -84, -78, -89],27/02/2022 18:36:29
[-56, -68, -83, -77, -91],27/02/2022 18:36:33
[-56, -59, -84, -79, -89],27/02/2022 18:36:37
[-56, -67, -81, -79, -100],27/02/2022 18:36:41
[-63, -67, -81, -80, -100],27/02/2022 18:36:45
[-64, -67, -80, -85, -91],27/02/2022 18:36:49
[-58, -64, -81, -84, -100],27/02/2022 18:36:54
[-64, -64, -100, -79, -100],27/02/2022 18:36:58
[-64, -64, -82, -80, -90],27/02/2022 18:37:02
[-58, -64, -80, -79, -100],27/02/2022 18:37:06
[-57, -59, -78, -78, -100],27/02/2022 18:37:10
[-57, -58, -78, -77, -89],27/02/2022 18:37:14
[-58, -58, -78, -77, -89],27/02/2022 18:37:19
[-57, -58, -78, -79, -92],27/02/2022 18:37:24
[-63, -58, -78, -76, -91],27/02/2022 18:37:27
[-64, -67, -78, -84, -85],27/02/2022 18:37:31
[-63, -67, -78, -76, -100],27/02/2022 18:37:35
[-63, -59, -79, -81, -100],27/02/2022 18:37:39
[-57, -58, -82, -75, -100],27/02/2022 18:37:44
[-57, -67, -84, -76, -95],27/02/2022 18:37:48
[-57, -64, -85, -79, -87],27/02/2022 18:37:52
[-58, -64, -81, -81, -100],27/02/2022 18:37:56
[-63, -64, -78, -80, -100],27/02/2022 18:38:00
[-56, -64, -78, -81, -100],27/02/2022 18:38:05
[-56, -59, -77, -82, -92],27/02/2022 18:38:09
[-55, -58, -79, -84, -100],27/02/2022 18:38:13
[-56, -59, -79, -81, -100],27/02/2022 18:38:17
[-56, -58, -100, -85, -92],27/02/2022 18:38:21
[-58, -58, -78, -82, -100],27/02/2022 18:38:25
[-63, -67, -77, -86, -94],27/02/2022 18:38:30
[-63, -68, -79, -81, -100],27/02/2022 18:38:34
[-63, -67, -77, -82, -100],27/02/2022 18:38:38
[-56, -59, -82, -82, -100],27/02/2022 18:38:42
[-56, -58, -77, -85, -100],27/02/2022 18:38:46
[-56, -59, -83, -78, -100],27/02/2022 18:38:50
[-56, -57, -78, -80, -100],27/02/2022 18:38:55
[-57, -63, -83, -84, -100],27/02/2022 18:38:59
[-63, -64, -82, -77, -90],27/02/2022 18:39:03
[-63, -68, -76, -83, -91],27/02/2022 18:39:07
[-64, -67, -77, -79, -89],27/02/2022 18:39:11
[-63, -68, -77, -86, -91],27/02/2022 18:39:15
[-56, -58, -82, -81, -88],27/02/2022 18:39:20
[-58, -64, -78, -83, -100],27/02/2022 18:39:24
[-64, -63, -77, -82, -100],27/02/2022 18:39:28
[-63, -64, -100, -83, -100],27/02/2022 18:39:32
[-61, -67, -78, -78, -90],27/02/2022 18:39:36
[-56, -58, -80, -87, -92],27/02/2022 18:39:40
[-57, -67, -100, -84, -89],27/02/2022 18:39:44
[-55, -58, -77, -79, -93],27/02/2022 18:39:49
[-56, -58, -86, -84, -89],27/02/2022 18:39:53
[-56, -58, -100, -78, -91],27/02/2022 18:39:57
[-58, -58, -100, -80, -88],27/02/2022 18:40:01
[-57, -67, -83, -82, -90],27/02/2022 18:40:06
[-58, -67, -77, -81, -90],27/02/2022 18:40:10