
[-69, -62, -85, -73, -100],02/03/2022 13:41:57
[-71, -54, -100, -73, -100],02/03/2022 13:42:01
[-68, -61, -83, -81, -100],02/03/2022 13:42:06
[-69, -61, -78, -70, -100],02/03/2022 13:42:10
[-69, -56, -79, -70, -100],02/03/2022 13:42:14
[-70, -54, -81, -70, -94],02/03/2022 13:42:18
[-69, -53, -84, -70, -100],02/03/2022 13:42:22
[-70, -54, -76, -73, -100],02/03/2022 13:42:27
[-69, -53, -83, -74, -100],02/03/2022 13:42:31
[-69, -57, -89, -72, -100],02/03/2022 13:42:35
[-68, -57, -83, -80, -100],02/03/2022 13:42:39
[-69, -56, -81, -81, -100],02/03/2022 13:42:43
[-69, -56, -79, -70, -100],02/03/2022 13:42:47
[-68, -61, -100, -70, -93],02/03/2022 13:42:51
[-69, -61, -86, -73, -100],02/03/2022 13:42:55
[-69, -61, -83, -70, -100],02/03/2022 13:43:00
[-69, -61, -80, -80, -100],02/03/2022 13:43:04
[-70, -61, -100, -70, -100],02/03/2022 13:43:08
[-69, -53, -100, -81, -92],02/03/2022 13:43:12
[-69, -53, -81, -70, -89],02/03/2022 13:43:16
[-70, -54, -85, -79, -100],02/03/2022 13:43:20
[-69, -53, -78, -73, -100],02/03/2022 13:43:24
[-68, -53, -100, -73, -100],02/03/2022 13:43:29
[-70, -57, -85, -80, -100],02/03/2022 13:43:33
[-68, -53, -78, -81, -100],02/03/2022 13:43:37
[-70, -56, -87, -73, -100],02/03/2022 13:43:41
[-68, -54, -80, -70, -100],02/03/2022 13:43:45
[-67, -56, -78, -73, -100],02/03/2022 13:43:49
[-68, -56, -100, -74, -100],02/03/2022 13:43:54
[-70, -56, -81, -72, -92],02/03/2022 13:43:58
[-69, -57, -79, -80, -100],02/03/2022 13:44:02
[-70, -53, -81, -82, -100],02/03/2022 13:44:06
[-69, -61, -81, -81, -100],02/03/2022 13:44:11
[-69, -61, -77, -81, -90],02/03/2022 13:44:15
[-69, -61, -78, -82, -100],02/03/2022 13:44:19
[-70, -57, -100, -73, -100],02/03/2022 13:44:23
[-68, -61, -78, -74, -100],02/03/2022 13:44:27
[-70, -54, -82, -80, -100],02/03/2022 13:44:31
[-69, -53, -82, -73, -100],02/03/2022 13:44:35
[-69, -53, -84, -79, -100],02/03/2022 13:44:39
[-69, -54, -76, -70, -100],02/03/2022 13:44:44
[-67, -57, -78, -70, -100],02/03/2022 13:44:48
[-67, -56, -78, -74, -100],02/03/2022 13:44:52
[-68, -56, -78, -73, -100],02/03/2022 13:44:56
[-69, -56, -79, -80, -90],02/03/2022 13:45:00
[-70, -53, -81, -79, -100],02/03/2022 13:45:04
[-69, -61, -78, -81, -100],02/03/2022 13:45:09
[-69, -61, -75, -69, -100],02/03/2022 13:45:13
[-70, -61, -79, -80, -100],02/03/2022 13:45:17
[-69, -57, -78, -73, -100],02/03/2022 13:45:21
[-67, -53, -82, -73, -91],02/03/2022 13:45:25
[-69, -54, -76, -73, -96],02/03/2022 13:45:30
[-69, -61, -78, -72, -100],02/03/2022 13:45:34
[-70, -61, -80, -69, -100],02/03/2022 13:45:38
[-68, -61, -78, -70, -100],02/03/2022 13:45:42
[-69, -53, -83, -70, -93],02/03/2022 13:45:46
[-68, -54, -86, -69, -100],02/03/2022 13:45:50
[-67, -61, -100, -73, -87],02/03/2022 13:45:55
[-68, -53, -78, -73, -94],02/03/2022 13:45:59
[-69, -53, -82, -82, -92],02/03/2022 13:46:03
[-69, -56, -82, -81, -92],02/03/2022 13:46:07
[-69, -57, -79, -80, -100],02/03/2022 13:46:11
[-69, -53, -79, -81, -100],02/03/2022 13:46:15
[-69, -56, -100, -70, -94],02/03/2022 13:46:20
[-68, -53, -76, -70, -100],02/03/2022 13:46:24
[-70, -56, -84, -72, -100],02/03/2022 13:46:28
[-69, -57, -79, -73, -100],02/03/2022 13:46:32
[-69, -56, -84, -74, -94],02/03/2022 13:46:36
[-69, -57, -84, -69, -100],02/03/2022 13:46:40
[-67, -61, -81, -70, -100],02/03/2022 13:46:45
[-68, -61, -78, -69, -100],02/03/2022 13:46:49
[-69, -61, -78, -70, -100],02/03/2022 13:46:53
[-69, -53, -83, -80, -100],02/03/2022 13:46:57
[-68, -56, -83, -80, -100],02/03/2022 13:47:01
[-70, -53, -76, -80, -100],02/03/2022 13:47:05
[-70, -53, -76, -70, -100],02/03/2022 13:47:10
[-70, -61, -85, -80, -100],02/03/2022 13:47:14
[-70, -53, -79, -72, -100],02/03/2022 13:47:18
[-66, -53, -84, -73, -96],02/03/2022 13:47:22
[-66, -57, -78, -73, -100],02/03/2022 13:47:26
[-68, -57, -79, -72, -100],02/03/2022 13:47:30
[-66, -56, -78, -72, -100],02/03/2022 13:47:35
[-70, -56, -80, -70, -100],02/03/2022 13:47:39
[-67, -61, -84, -80, -100],02/03/2022 13:47:43
[-70, -61, -77, -69, -100],02/03/2022 13:47:47
[-66, -57, -84, -72, -100],02/03/2022 13:47:51
[-70, -61, -81, -79, -100],02/03/2022 13:47:56
[-65, -56, -83, -70, -91],02/03/2022 13:48:00
[-66, -61, -79, -79, -92],02/03/2022 13:48:04
[-70, -53, -78, -80, -100],02/03/2022 13:48:08
[-66, -61, -100, -79, -100],02/03/2022 13:48:12
[-66, -53, -77, -72, -100],02/03/2022 13:48:16
[-67, -61, -84, -73, -100],02/03/2022 13:48:20
[-67, -54, -84, -72, -100],02/03/2022 13:48:25
[-69, -57, -79, -72, -100],02/03/2022 13:48:29
[-68, -54, -86, -72, -100],02/03/2022 13:48:33
[-67, -57, -83, -80, -100],02/03/2022 13:48:37
[-69, -61, -77, -79, -100],02/03/2022 13:48:41
[-67, -61, -89, -80, -100],02/03/2022 13:48:46
[-70, -61, -83, -80, -100],02/03/2022 13:48:50
[-70, -62, -100, -82, -100],02/03/2022 13:48:54
[-67, -61, -78, -73, -100],02/03/2022 13:48:58
[-68, -53, -100, -79, -100],02/03/2022 13:49:02
[-67, -61, -100, -74, -100],02/03/2022 13:49:06
[-66, -54, -100, -73, -100],02/03/2022 13:49:11
[-66, -53, -85, -79, -100],02/03/2022 13:49:15
[-66, -54, -87, -79, -100],02/03/2022 13:49:19
[-68, -56, -100, -70, -100],02/03/2022 13:49:23
[-68, -56, -82, -70, -100],02/03/2022 13:49:28
[-66, -53, -82, -70, -92],02/03/2022 13:49:32
[-66, -57, -100, -73, -100],02/03/2022 13:49:35
[-70, -56, -87, -73, -100],02/03/2022 13:49:40
[-66, -61, -79, -80, -100],02/03/2022 13:49:44
[-66, -61, -82, -73, -100],02/03/2022 13:49:48
[-68, -60, -100, -69, -100],02/03/2022 13:49:52
[-68, -61, -80, -70, -100],02/03/2022 13:49:56
[-65, -53, -100, -70, -100],02/03/2022 13:50:01
[-66, -53, -100, -70, -100],02/03/2022 13:50:05
[-68, -53, -78, -70, -100],02/03/2022 13:50:09
[-68, -57, -82, -73, -100],02/03/2022 13:50:13
[-68, -53, -83, -74, -100],02/03/2022 13:50:17
[-65, -56, -84, -73, -100],02/03/2022 13:50:21
[-70, -56, -82, -78, -100],02/03/2022 13:50:26
[-68, -57, -100, -78, -100],02/03/2022 13:50:30
[-66, -57, -84, -69, -100],02/03/2022 13:50:34
[-66, -61, -79, -69, -100],02/03/2022 13:50:38
[-67, -61, -83, -70, -100],02/03/2022 13:50:42
[-66, -61, -100, -70, -100],02/03/2022 13:50:46
[-66, -53, -81, -79, -100],02/03/2022 13:50:51
[-69, -61, -85, -69, -100],02/03/2022 13:50:55
[-69, -53, -79, -79, -100],02/03/2022 13:50:59
[-70, -53, -79, -85, -100],02/03/2022 13:51:03
[-68, -53, -100, -79, -100],02/03/2022 13:51:07
[-69, -53, -81, -73, -93],02/03/2022 13:51:11
[-67, -53, -83, -73, -100],02/03/2022 13:51:16
[-67, -56, -83, -73, -100],02/03/2022 13:51:20
[-69, -57, -86, -74, -100],02/03/2022 13:51:24
[-67, -56, -100, -79, -100],02/03/2022 13:51:28
[-66, -54, -78, -70, -100],02/03/2022 13:51:32
[-69, -62, -81, -70, -100],02/03/2022 13:51:37
[-67, -61, -79, -70, -100],02/03/2022 13:51:41
[-69, -62, -100, -70, -100],02/03/2022 13:51:45
[-66, -62, -84, -80, -100],02/03/2022 13:51:49
[-66, -57, -80, -77, -100],02/03/2022 13:51:53
[-68, -52, -100, -80, -100],02/03/2022 13:51:57
[-66, -53, -77, -80, -90],02/03/2022 13:52:02
[-69, -53, -80, -70, -100],02/03/2022 13:52:06
[-68, -53, -79, -70, -100],02/03/2022 13:52:10
[-69, -53, -85, -73, -93],02/03/2022 13:52:14
[-67, -56, -81, -73, -92],02/03/2022 13:52:18
[-66, -56, -83, -73, -89],02/03/2022 13:52:22
[-66, -57, -80, -72, -100],02/03/2022 13:52:27
[-70, -56, -88, -70, -100],02/03/2022 13:52:31
[-69, -60, -100, -69, -100],02/03/2022 13:52:35
[-65, -57, -80, -69, -100],02/03/2022 13:52:39
[-69, -56, -100, -73, -100],02/03/2022 13:52:43
[-70, -53, -83, -73, -100],02/03/2022 13:52:47
[-65, -57, -85, -72, -100],02/03/2022 13:52:52
[-65, -61, -83, -70, -100],02/03/2022 13:52:56
[-65, -61, -81, -81, -100],02/03/2022 13:53:00
[-66, -61, -82, -70, -100],02/03/2022 13:53:04
[-68, -60, -85, -72, -100],02/03/2022 13:53:08
[-69, -61, -82, -73, -100],02/03/2022 13:53:12
[-68, -54, -100, -70, -100],02/03/2022 13:53:17
[-69, -54, -82, -70, -100],02/03/2022 13:53:21
[-69, -54, -100, -70, -88],02/03/2022 13:53:25
[-69, -53, -80, -72, -100],02/03/2022 13:53:29
[-69, -57, -81, -80, -100],02/03/2022 13:53:33
[-69, -61, -83, -80, -100],02/03/2022 13:53:38
[-69, -56, -79, -80, -91],02/03/2022 13:53:42
[-68, -57, -85, -79, -100],02/03/2022 13:53:46
[-66, -57, -81, -72, -90],02/03/2022 13:53:50
[-76, -56, -80, -73, -100],02/03/2022 13:53:54
[-73, -62, -86, -73, -100],02/03/2022 13:53:58
[-68, -57, -81, -73, -100],02/03/2022 13:54:03
[-76, -62, -84, -81, -95],02/03/2022 13:54:07
[-68, -62, -85, -82, -100],02/03/2022 13:54:11
[-65, -54, -82, -82, -100],02/03/2022 13:54:15
[-65, -53, -82, -81, -97],02/03/2022 13:54:19
[-64, -54, -80, -81, -100],02/03/2022 13:54:23
[-76, -54, -79, -73, -100],02/03/2022 13:54:28
[-69, -55, -79, -73, -100],02/03/2022 13:54:32
[-67, -61, -85, -72, -100],02/03/2022 13:54:36
[-71, -57, -82, -69, -100],02/03/2022 13:54:40
[-75, -56, -80, -82, -100],02/03/2022 13:54:44
[-68, -57, -82, -83, -100],02/03/2022 13:54:48
[-69, -62, -81, -81, -100],02/03/2022 13:54:53
[-64, -62, -100, -69, -100],02/03/2022 13:54:57
[-75, -63, -100, -73, -100],02/03/2022 13:55:01
[-75, -57, -100, -72, -91],02/03/2022 13:55:05
[-72, -57, -100, -73, -90],02/03/2022 13:55:09
[-69, -54, -100, -73, -100],02/03/2022 13:55:14
[-69, -54, -84, -82, -100],02/03/2022 13:55:18
[-68, -54, -100, -72, -100],02/03/2022 13:55:22
[-70, -61, -100, -70, -100],02/03/2022 13:55:26
[-78, -57, -100, -70, -100],02/03/2022 13:55:30
[-72, -57, -86, -70, -100],02/03/2022 13:55:34
[-71, -57, -84, -74, -100],02/03/2022 13:55:39
[-76, -53, -83, -81, -100],02/03/2022 13:55:43
[-66, -56, -85, -79, -100],02/03/2022 13:55:47
[-68, -57, -81, -80, -100],02/03/2022 13:55:51
[-69, -62, -82, -80, -100],02/03/2022 13:55:55
[-71, -61, -81, -79, -92],02/03/2022 13:55:59
[-68, -57, -100, -80, -87],02/03/2022 13:56:03
[-69, -61, -82, -74, -100],02/03/2022 13:56:08
[-68, -54, -85, -72, -100],02/03/2022 13:56:12
[-68, -53, -83, -72, -100],02/03/2022 13:56:16
[-69, -62, -84, -74, -87],02/03/2022 13:56:21
[-71, -61, -81, -70, -100],02/03/2022 13:56:24
[-69, -53, -100, -70, -100],02/03/2022 13:56:29
[-71, -53, -83, -70, -91],02/03/2022 13:56:33
[-71, -53, -82, -70, -100],02/03/2022 13:56:37
[-70, -53, -84, -74, -100],02/03/2022 13:56:41
[-69, -53, -100, -80, -100],02/03/2022 13:56:45
[-68, -56, -88, -80, -100],02/03/2022 13:56:49
[-69, -56, -100, -81, -100],02/03/2022 13:56:54
[-69, -57, -83, -81, -100],02/03/2022 13:56:58
[-71, -53, -100, -70, -100],02/03/2022 13:57:02
[-72, -57, -100, -70, -100],02/03/2022 13:57:06
[-67, -61, -100, -70, -100],02/03/2022 13:57:10
[-72, -62, -100, -70, -100],02/03/2022 13:57:14
[-70, -62, -100, -73, -100],02/03/2022 13:57:19
[-71, -53, -84, -79, -100],02/03/2022 13:57:23
[-68, -53, -80, -79, -100],02/03/2022 13:57:27
[-71, -53, -79, -78, -100],02/03/2022 13:57:31
[-68, -53, -78, -79, -100],02/03/2022 13:57:35
[-72, -53, -84, -73, -89],02/03/2022 13:57:39
[-71, -53, -79, -73, -100],02/03/2022 13:57:44
[-72, -57, -83, -74, -100],02/03/2022 13:57:48
[-68, -53, -81, -73, -100],02/03/2022 13:57:52
[-68, -53, -100, -73, -100],02/03/2022 13:57:56
[-71, -53, -100, -69, -100],02/03/2022 13:58:00
[-75, -53, -82, -69, -100],02/03/2022 13:58:04
[-71, -57, -80, -69, -100],02/03/2022 13:58:09
[-71, -57, -80, -70, -88],02/03/2022 13:58:13
[-70, -57, -82, -70, -100],02/03/2022 13:58:17
[-69, -58, -79, -70, -100],02/03/2022 13:58:21
[-70, -53, -78, -79, -100],02/03/2022 13:58:26
[-74, -53, -79, -79, -100],02/03/2022 13:58:29
[-66, -53, -82, -79, -88],02/03/2022 13:58:34
[-72, -61, -81, -73, -100],02/03/2022 13:58:38
[-74, -53, -83, -73, -100],02/03/2022 13:58:42
[-72, -57, -79, -73, -100],02/03/2022 13:58:46
[-70, -57, -100, -79, -100],02/03/2022 13:58:50
[-70, -57, -100, -72, -100],02/03/2022 13:58:55
[-70, -57, -100, -79, -100],02/03/2022 13:58:59
[-67, -57, -100, -70, -100],02/03/2022 13:59:03
[-68, -62, -85, -73, -100],02/03/2022 13:59:07
[-71, -62, -100, -79, -100],02/03/2022 13:59:11
[-85, -61, -84, -70, -92],02/03/2022 13:59:15
[-70, -61, -81, -79, -100],02/03/2022 13:59:20
[-70, -53, -81, -79, -100],02/03/2022 13:59:24
[-70, -53, -86, -81, -100],02/03/2022 13:59:28
[-71, -53, -83, -70, -100],02/03/2022 13:59:32
[-73, -53, -79, -70, -100],02/03/2022 13:59:36
[-73, -53, -85, -70, -100],02/03/2022 13:59:40
[-69, -57, -83, -69, -100],02/03/2022 13:59:45
[-69, -53, -100, -70, -100],02/03/2022 13:59:49
[-78, -56, -79, -70, -100],02/03/2022 13:59:53
[-78, -53, -84, -80, -100],02/03/2022 13:59:57
[-77, -56, -87, -77, -91],02/03/2022 14:00:01
[-72, -61, -83, -81, -100],02/03/2022 14:00:05
[-70, -55, -79, -81, -100],02/03/2022 14:00:10
[-69, -56, -100, -80, -100],02/03/2022 14:00:14
[-69, -61, -84, -70, -100],02/03/2022 14:00:18
[-69, -61, -100, -74, -100],02/03/2022 14:00:22
[-68, -61, -83, -74, -100],02/03/2022 14:00:26
[-70, -60, -100, -79, -100],02/03/2022 14:00:31
[-68, -63, -82, -70, -93],02/03/2022 14:00:35
[-69, -56, -87, -70, -100],02/03/2022 14:00:39
[-70, -53, -100, -69, -100],02/03/2022 14:00:43
[-71, -53, -80, -69, -100],02/03/2022 14:00:47
[-71, -53, -86, -73, -100],02/03/2022 14:00:51
[-70, -53, -87, -80, -89],02/03/2022 14:00:55
[-71, -53, -82, -73, -100],02/03/2022 14:01:00
[-72, -56, -100, -70, -100],02/03/2022 14:01:04
[-69, -61, -79, -80, -100],02/03/2022 14:01:08
[-71, -57, -100, -80, -89],02/03/2022 14:01:12
[-70, -61, -78, -69, -88],02/03/2022 14:01:16
[-67, -62, -80, -70, -100],02/03/2022 14:01:21
[-66, -62, -83, -70, -100],02/03/2022 14:01:25
[-66, -60, -100, -73, -100],02/03/2022 14:01:29
[-69, -60, -85, -80, -87],02/03/2022 14:01:33
[-66, -56, -100, -82, -100],02/03/2022 14:01:37
[-76, -53, -100, -69, -100],02/03/2022 14:01:42
[-72, -53, -79, -80, -100],02/03/2022 14:01:46
[-80, -53, -84, -80, -100],02/03/2022 14:01:50
[-84, -53, -84, -73, -100],02/03/2022 14:01:54
[-68, -53, -82, -73, -100],02/03/2022 14:01:58
[-65, -56, -81, -74, -100],02/03/2022 14:02:02
[-66, -52, -100, -74, -100],02/03/2022 14:02:06
[-64, -53, -82, -80, -100],02/03/2022 14:02:11
[-65, -53, -80, -70, -90],02/03/2022 14:02:15
[-66, -62, -83, -69, -100],02/03/2022 14:02:19
[-66, -57, -79, -70, -100],02/03/2022 14:02:23
[-78, -56, -100, -69, -100],02/03/2022 14:02:27
[-68, -57, -85, -80, -100],02/03/2022 14:02:31
[-68, -57, -100, -81, -100],02/03/2022 14:02:36
[-69, -62, -84, -73, -100],02/03/2022 14:02:40
[-72, -62, -82, -81, -100],02/03/2022 14:02:44
[-67, -57, -78, -100, -100],02/03/2022 14:02:48
[-65, -62, -100, -81, -100],02/03/2022 14:02:52
[-65, -62, -100, -81, -100],02/03/2022 14:02:56
[-66, -53, -80, -80, -100],02/03/2022 14:03:01
[-72, -53, -100, -80, -100],02/03/2022 14:03:05
[-72, -53, -79, -80, -100],02/03/2022 14:03:09
[-70, -53, -78, -70, -100],02/03/2022 14:03:13
[-65, -58, -79, -73, -87],02/03/2022 14:03:17
[-70, -57, -83, -70, -100],02/03/2022 14:03:21
[-65, -57, -83, -73, -100],02/03/2022 14:03:26
[-65, -57, -81, -80, -100],02/03/2022 14:03:30
[-74, -57, -82, -80, -100],02/03/2022 14:03:34
[-70, -62, -100, -81, -100],02/03/2022 14:03:38
[-73, -62, -82, -80, -100],02/03/2022 14:03:42
[-71, -61, -100, -70, -100],02/03/2022 14:03:46
[-68, -62, -79, -74, -100],02/03/2022 14:03:51
[-68, -57, -100, -73, -100],02/03/2022 14:03:55
[-64, -56, -78, -74, -89],02/03/2022 14:03:59
[-64, -53, -82, -69, -100],02/03/2022 14:04:03
[-66, -53, -100, -73, -100],02/03/2022 14:04:07
[-73, -53, -77, -70, -87],02/03/2022 14:04:11
[-71, -62, -81, -74, -100],02/03/2022 14:04:16
[-66, -57, -100, -80, -100],02/03/2022 14:04:20
[-66, -57, -83, -70, -94],02/03/2022 14:04:24
[-69, -57, -83, -80, -89],02/03/2022 14:04:28
[-65, -57, -100, -70, -85],02/03/2022 14:04:32
[-66, -57, -83, -73, -100],02/03/2022 14:04:37
[-70, -62, -83, -73, -100],02/03/2022 14:04:41
[-66, -56, -82, -73, -100],02/03/2022 14:04:45
[-68, -63, -83, -79, -100],02/03/2022 14:04:49
[-65, -61, -100, -80, -100],02/03/2022 14:04:53
[-69, -53, -84, -70, -100],02/03/2022 14:04:57
[-70, -53, -100, -80, -100],02/03/2022 14:05:02
[-69, -53, -100, -69, -88],02/03/2022 14:05:06
[-71, -54, -100, -73, -88],02/03/2022 14:05:10
[-66, -53, -100, -74, -100],02/03/2022 14:05:14
[-79, -56, -79, -79, -87],02/03/2022 14:05:19
[-73, -56, -83, -73, -100],02/03/2022 14:05:23
[-69, -56, -79, -69, -100],02/03/2022 14:05:27
[-69, -53, -77, -81, -92],02/03/2022 14:05:31
[-67, -62, -81, -69, -100],02/03/2022 14:05:35
[-65, -57, -100, -69, -100],02/03/2022 14:05:39
[-68, -62, -84, -80, -100],02/03/2022 14:05:43
[-65, -57, -81, -80, -100],02/03/2022 14:05:47
[-72, -57, -83, -80, -88],02/03/2022 14:05:52
[-72, -57, -82, -69, -100],02/03/2022 14:05:56
[-65, -64, -81, -74, -100],02/03/2022 14:06:00
[-68, -62, -80, -69, -100],02/03/2022 14:06:04
[-66, -62, -100, -74, -100],02/03/2022 14:06:08
[-67, -53, -79, -73, -100],02/03/2022 14:06:13
[-68, -54, -83, -73, -100],02/03/2022 14:06:17
[-66, -53, -100, -74, -100],02/03/2022 14:06:21
[-68, -53, -83, -73, -100],02/03/2022 14:06:25
[-74, -54, -85, -69, -100],02/03/2022 14:06:29
[-64, -57, -100, -73, -100],02/03/2022 14:06:33
[-70, -57, -78, -72, -100],02/03/2022 14:06:38
[-69, -53, -80, -69, -100],02/03/2022 14:06:42
[-72, -53, -85, -79, -100],02/03/2022 14:06:46
[-66, -53, -82, -79, -100],02/03/2022 14:06:50
[-71, -57, -100, -79, -100],02/03/2022 14:06:54
[-68, -57, -84, -78, -88],02/03/2022 14:06:58
[-71, -58, -100, -79, -100],02/03/2022 14:07:03
[-68, -57, -85, -73, -100],02/03/2022 14:07:07
[-69, -61, -100, -73, -100],02/03/2022 14:07:11
[-66, -61, -85, -74, -100],02/03/2022 14:07:15
[-71, -62, -79, -73, -100],02/03/2022 14:07:19
[-66, -62, -78, -70, -100],02/03/2022 14:07:24
[-65, -62, -79, -79, -100],02/03/2022 14:07:28
[-73, -52, -83, -69, -100],02/03/2022 14:07:32
[-68, -54, -83, -69, -90],02/03/2022 14:07:37
[-66, -53, -83, -70, -92],02/03/2022 14:07:40
[-72, -53, -78, -79, -100],02/03/2022 14:07:44
[-69, -54, -77, -73, -100],02/03/2022 14:07:48
[-65, -57, -79, -80, -100],02/03/2022 14:07:53
[-71, -58, -83, -80, -100],02/03/2022 14:07:57
[-67, -58, -84, -80, -100],02/03/2022 14:08:01
[-74, -58, -100, -70, -100],02/03/2022 14:08:05
[-69, -62, -87, -69, -100],02/03/2022 14:08:09
[-77, -62, -80, -70, -100],02/03/2022 14:08:14
[-71, -62, -100, -73, -100],02/03/2022 14:08:18
[-72, -61, -82, -79, -100],02/03/2022 14:08:22
[-66, -62, -100, -81, -100],02/03/2022 14:08:26
[-66, -62, -79, -79, -100],02/03/2022 14:08:30
[-66, -53, -84, -79, -100],02/03/2022 14:08:34
[-71, -62, -79, -73, -100],02/03/2022 14:08:39
[-67, -53, -83, -70, -100],02/03/2022 14:08:43
[-66, -62, -83, -73, -100],02/03/2022 14:08:47
[-66, -53, -100, -73, -100],02/03/2022 14:08:51
[-69, -57, -86, -73, -100],02/03/2022 14:08:55
[-65, -53, -86, -69, -100],02/03/2022 14:09:00
[-72, -54, -84, -80, -100],02/03/2022 14:09:04
[-80, -56, -82, -69, -90],02/03/2022 14:09:08
[-73, -57, -79, -70, -100],02/03/2022 14:09:12
[-68, -57, -100, -69, -100],02/03/2022 14:09:16
[-65, -57, -100, -72, -100],02/03/2022 14:09:20
[-71, -57, -82, -74, -100],02/03/2022 14:09:25
[-70, -62, -82, -81, -100],02/03/2022 14:09:29
[-72, -53, -100, -80, -100],02/03/2022 14:09:33
[-69, -61, -83, -73, -100],02/03/2022 14:09:37
[-71, -53, -80, -79, -100],02/03/2022 14:09:41
[-69, -62, -80, -70, -100],02/03/2022 14:09:45
[-70, -57, -81, -80, -100],02/03/2022 14:09:50
[-71, -57, -82, -70, -100],02/03/2022 14:09:54
[-65, -57, -80, -70, -100],02/03/2022 14:09:58
[-69, -56, -83, -74, -100],02/03/2022 14:10:02
[-70, -62, -81, -78, -100],02/03/2022 14:10:06
[-67, -61, -80, -73, -100],02/03/2022 14:10:10
[-70, -56, -82, -79, -100],02/03/2022 14:10:15
[-70, -62, -84, -69, -100],02/03/2022 14:10:19
[-65, -57, -79, -69, -100],02/03/2022 14:10:23
[-72, -62, -80, -73, -100],02/03/2022 14:10:27
[-66, -61, -100, -73, -100],02/03/2022 14:10:31
[-64, -63, -81, -72, -100],02/03/2022 14:10:36
[-66, -63, -100, -70, -100],02/03/2022 14:10:40
[-68, -62, -81, -80, -100],02/03/2022 14:10:44
[-66, -53, -79, -81, -94],02/03/2022 14:10:48
[-68, -54, -82, -73, -100],02/03/2022 14:10:52
[-69, -53, -100, -80, -100],02/03/2022 14:10:56
[-65, -53, -78, -81, -100],02/03/2022 14:11:00
[-66, -57, -100, -79, -100],02/03/2022 14:11:05
[-67, -57, -85, -67, -100],02/03/2022 14:11:09
[-68, -57, -78, -74, -100],02/03/2022 14:11:13
[-67, -53, -79, -80, -86],02/03/2022 14:11:17
[-72, -56, -79, -73, -89],02/03/2022 14:11:21
[-66, -56, -100, -74, -100],02/03/2022 14:11:26
[-67, -63, -100, -73, -100],02/03/2022 14:11:30
[-66, -62, -80, -70, -100],02/03/2022 14:11:34
[-65, -62, -80, -80, -100],02/03/2022 14:11:38
[-70, -63, -80, -70, -84],02/03/2022 14:11:42
[-67, -53, -100, -70, -100],02/03/2022 14:11:46
[-65, -53, -100, -70, -100],02/03/2022 14:11:50
[-68, -56, -78, -70, -91],02/03/2022 14:11:55
[-68, -53, -82, -73, -89],02/03/2022 14:11:59
[-69, -56, -77, -80, -100],02/03/2022 14:12:03
[-67, -56, -90, -79, -100],02/03/2022 14:12:07
[-67, -56, -77, -70, -100],02/03/2022 14:12:11
[-67, -53, -78, -70, -100],02/03/2022 14:12:16
[-64, -56, -83, -70, -100],02/03/2022 14:12:20
[-64, -66, -82, -70, -100],02/03/2022 14:12:24
[-63, -62, -88, -73, -100],02/03/2022 14:12:28
[-70, -63, -86, -69, -89],02/03/2022 14:12:32
[-69, -64, -82, -79, -100],02/03/2022 14:12:36
[-67, -57, -90, -70, -100],02/03/2022 14:12:40
[-67, -53, -81, -70, -100],02/03/2022 14:12:45
[-66, -53, -85, -80, -100],02/03/2022 14:12:49
[-66, -62, -83, -70, -100],02/03/2022 14:12:53
[-65, -53, -83, -69, -100],02/03/2022 14:12:57
[-65, -56, -100, -72, -88],02/03/2022 14:13:02
[-65, -53, -88, -73, -100],02/03/2022 14:13:06
[-65, -62, -87, -73, -100],02/03/2022 14:13:10
[-65, -53, -82, -79, -93],02/03/2022 14:13:14
[-66, -57, -100, -69, -100],02/03/2022 14:13:18
[-66, -57, -100, -79, -91],02/03/2022 14:13:22
[-65, -57, -89, -70, -100],02/03/2022 14:13:27
[-65, -56, -81, -73, -100],02/03/2022 14:13:31
[-65, -56, -87, -73, -100],02/03/2022 14:13:35
[-68, -55, -80, -80, -100],02/03/2022 14:13:39
[-65, -62, -79, -79, -100],02/03/2022 14:13:43
[-65, -62, -88, -81, -100],02/03/2022 14:13:47
[-64, -58, -80, -73, -88],02/03/2022 14:13:52
[-66, -57, -76, -69, -92],02/03/2022 14:13:56
[-65, -53, -79, -69, -100],02/03/2022 14:14:00
[-64, -53, -100, -70, -100],02/03/2022 14:14:04
[-65, -53, -78, -73, -100],02/03/2022 14:14:08
[-65, -54, -78, -73, -100],02/03/2022 14:14:12
[-69, -53, -100, -80, -89],02/03/2022 14:14:16
[-68, -56, -78, -81, -88],02/03/2022 14:14:21
[-68, -58, -100, -69, -90],02/03/2022 14:14:25
[-67, -57, -84, -69, -90],02/03/2022 14:14:29
[-68, -54, -78, -70, -100],02/03/2022 14:14:33
[-65, -56, -78, -69, -100],02/03/2022 14:14:37
[-65, -62, -100, -73, -100],02/03/2022 14:14:42
[-65, -56, -77, -70, -100],02/03/2022 14:14:46
[-68, -56, -80, -81, -94],02/03/2022 14:14:50
[-66, -61, -79, -80, -100],02/03/2022 14:14:54
[-65, -54, -79, -70, -100],02/03/2022 14:14:58
[-65, -53, -84, -69, -100],02/03/2022 14:15:03
[-66, -63, -81, -79, -100],02/03/2022 14:15:07
[-64, -63, -82, -74, -100],02/03/2022 14:15:11
[-68, -53, -82, -73, -100],02/03/2022 14:15:15
[-65, -57, -78, -73, -100],02/03/2022 14:15:19
[-67, -53, -79, -70, -100],02/03/2022 14:15:23
[-65, -56, -82, -70, -100],02/03/2022 14:15:27
[-67, -53, -100, -68, -88],02/03/2022 14:15:32
[-65, -53, -84, -69, -100],02/03/2022 14:15:36
[-64, -56, -100, -70, -100],02/03/2022 14:15:40
[-66, -56, -100, -72, -100],02/03/2022 14:15:44
[-65, -57, -100, -73, -100],02/03/2022 14:15:48
[-67, -62, -79, -80, -100],02/03/2022 14:15:52
[-67, -53, -100, -73, -100],02/03/2022 14:15:57
[-69, -57, -83, -81, -100],02/03/2022 14:16:01
[-67, -63, -100, -70, -100],02/03/2022 14:16:05
[-65, -62, -80, -70, -100],02/03/2022 14:16:09
[-65, -53, -86, -73, -89],02/03/2022 14:16:13
[-64, -54, -77, -69, -100],02/03/2022 14:16:18
[-65, -56, -79, -72, -100],02/03/2022 14:16:22
[-68, -57, -80, -81, -100],02/03/2022 14:16:26
[-65, -53, -100, -70, -100],02/03/2022 14:16:30
[-68, -53, -78, -80, -87],02/03/2022 14:16:34
[-65, -57, -100, -80, -100],02/03/2022 14:16:38
[-65, -55, -79, -82, -100],02/03/2022 14:16:43
[-66, -56, -82, -73, -100],02/03/2022 14:16:47
[-68, -62, -85, -73, -91],02/03/2022 14:16:51
[-64, -62, -85, -73, -87],02/03/2022 14:16:55
[-67, -61, -85, -73, -100],02/03/2022 14:16:59
[-65, -57, -78, -70, -87],02/03/2022 14:17:04
[-68, -57, -84, -73, -100],02/03/2022 14:17:08
[-66, -63, -77, -81, -100],02/03/2022 14:17:12
[-65, -53, -76, -73, -100],02/03/2022 14:17:16
[-64, -62, -83, -70, -100],02/03/2022 14:17:20
[-65, -62, -81, -72, -100],02/03/2022 14:17:25
[-65, -61, -84, -70, -100],02/03/2022 14:17:29
[-67, -54, -82, -73, -100],02/03/2022 14:17:33
[-66, -57, -82, -81, -100],02/03/2022 14:17:37
[-64, -54, -100, -73, -89],02/03/2022 14:17:41
[-65, -53, -78, -70, -100],02/03/2022 14:17:45
[-68, -53, -84, -81, -91],02/03/2022 14:17:49
[-68, -63, -78, -69, -100],02/03/2022 14:17:54
[-68, -56, -79, -73, -89],02/03/2022 14:17:58
[-69, -57, -100, -80, -100],02/03/2022 14:18:02
[-66, -56, -83, -81, -90],02/03/2022 14:18:06
[-65, -56, -82, -70, -90],02/03/2022 14:18:10
[-65, -62, -81, -70, -90],02/03/2022 14:18:15
[-68, -62, -83, -79, -100],02/03/2022 14:18:19
[-65, -63, -80, -72, -90],02/03/2022 14:18:23
[-65, -62, -80, -73, -88],02/03/2022 14:18:27
[-68, -57, -77, -73, -87],02/03/2022 14:18:31
[-66, -53, -77, -72, -100],02/03/2022 14:18:35
[-65, -66, -78, -73, -100],02/03/2022 14:18:40
[-66, -54, -83, -70, -100],02/03/2022 14:18:44
[-65, -62, -81, -70, -100],02/03/2022 14:18:48
[-64, -54, -78, -70, -100],02/03/2022 14:18:52
[-65, -56, -85, -69, -100],02/03/2022 14:18:56
[-65, -53, -82, -73, -100],02/03/2022 14:19:00
[-67, -53, -78, -81, -100],02/03/2022 14:19:04
[-65, -53, -100, -80, -100],02/03/2022 14:19:09
[-65, -57, -79, -81, -100],02/03/2022 14:19:13
[-66, -56, -79, -80, -100],02/03/2022 14:19:17
[-66, -57, -84, -67, -100],02/03/2022 14:19:21
[-66, -57, -100, -70, -100],02/03/2022 14:19:25
[-67, -58, -79, -82, -90],02/03/2022 14:19:30
[-67, -63, -81, -70, -100],02/03/2022 14:19:34
[-66, -63, -100, -73, -100],02/03/2022 14:19:38
[-65, -57, -82, -79, -100],02/03/2022 14:19:42
[-67, -56, -81, -81, -100],02/03/2022 14:19:46
[-65, -53, -77, -70, -100],02/03/2022 14:19:51
[-67, -54, -87, -81, -100],02/03/2022 14:19:55
[-68, -62, -82, -72, -100],02/03/2022 14:19:59
[-68, -62, -83, -79, -100],02/03/2022 14:20:03
[-65, -62, -80, -73, -100],02/03/2022 14:20:07
[-66, -56, -78, -73, -100],02/03/2022 14:20:12
[-65, -57, -77, -81, -100],02/03/2022 14:20:16
[-65, -57, -81, -70, -100],02/03/2022 14:20:20
[-66, -56, -80, -70, -91],02/03/2022 14:20:24
[-68, -56, -85, -69, -100],02/03/2022 14:20:28
[-68, -62, -84, -82, -100],02/03/2022 14:20:32
[-68, -62, -85, -70, -100],02/03/2022 14:20:36
[-68, -62, -84, -74, -100],02/03/2022 14:20:40
[-65, -62, -100, -73, -100],02/03/2022 14:20:45
[-65, -53, -83, -73, -100],02/03/2022 14:20:49
[-64, -53, -100, -81, -100],02/03/2022 14:20:53
[-64, -53, -82, -72, -100],02/03/2022 14:20:57
[-65, -53, -82, -70, -100],02/03/2022 14:21:01
[-68, -62, -86, -69, -90],02/03/2022 14:21:05
[-69, -53, -100, -69, -100],02/03/2022 14:21:10
[-68, -57, -85, -70, -100],02/03/2022 14:21:14
[-69, -53, -85, -70, -100],02/03/2022 14:21:18
[-69, -56, -77, -87, -100],02/03/2022 14:21:22
[-65, -52, -77, -84, -100],02/03/2022 14:21:26
[-65, -56, -83, -72, -100],02/03/2022 14:21:31
[-65, -62, -81, -69, -100],02/03/2022 14:21:35
[-65, -61, -79, -80, -88],02/03/2022 14:21:39
[-68, -62, -83, -73, -100],02/03/2022 14:21:43
[-66, -53, -81, -73, -90],02/03/2022 14:21:47
[-68, -53, -78, -73, -100],02/03/2022 14:21:52
[-65, -53, -83, -70, -100],02/03/2022 14:21:56
[-65, -54, -83, -69, -100],02/03/2022 14:22:00
[-68, -63, -81, -70, -88],02/03/2022 14:22:04
[-67, -53, -79, -80, -100],02/03/2022 14:22:08
[-67, -53, -100, -70, -100],02/03/2022 14:22:12
[-67, -53, -82, -81, -91],02/03/2022 14:22:17
[-67, -54, -83, -70, -90],02/03/2022 14:22:21
[-66, -53, -77, -73, -88],02/03/2022 14:22:25
[-65, -62, -100, -74, -100],02/03/2022 14:22:29
[-65, -57, -82, -73, -100],02/03/2022 14:22:33
[-65, -56, -82, -69, -100],02/03/2022 14:22:37
[-66, -56, -78, -70, -88],02/03/2022 14:22:41
[-65, -62, -83, -73, -100],02/03/2022 14:22:46
[-68, -62, -83, -69, -100],02/03/2022 14:22:50
[-66, -61, -87, -80, -100],02/03/2022 14:22:54
[-66, -55, -79, -80, -100],02/03/2022 14:22:58
[-65, -57, -100, -81, -100],02/03/2022 14:23:02
[-65, -62, -81, -70, -100],02/03/2022 14:23:07
[-67, -56, -83, -79, -87],02/03/2022 14:23:11
[-67, -54, -78, -73, -100],02/03/2022 14:23:15
[-65, -54, -100, -73, -100],02/03/2022 14:23:19
[-64, -54, -100, -70, -100],02/03/2022 14:23:23
[-65, -61, -100, -69, -89],02/03/2022 14:23:27
[-65, -62, -84, -70, -100],02/03/2022 14:23:32
[-65, -56, -100, -70, -90],02/03/2022 14:23:36
[-67, -56, -100, -70, -100],02/03/2022 14:23:40
[-65, -61, -84, -70, -100],02/03/2022 14:23:44
[-67, -54, -100, -70, -93],02/03/2022 14:23:48
[-66, -62, -79, -73, -100],02/03/2022 14:23:52
[-65, -61, -83, -73, -100],02/03/2022 14:23:57
[-65, -56, -100, -72, -89],02/03/2022 14:24:01
[-64, -53, -100, -73, -100],02/03/2022 14:24:05
[-64, -56, -100, -69, -100],02/03/2022 14:24:09
[-65, -53, -79, -69, -100],02/03/2022 14:24:13
[-65, -56, -100, -70, -100],02/03/2022 14:24:17
[-67, -54, -82, -80, -100],02/03/2022 14:24:22
[-66, -56, -83, -70, -100],02/03/2022 14:24:26
[-67, -62, -84, -80, -100],02/03/2022 14:24:30
[-67, -62, -83, -73, -100],02/03/2022 14:24:34
[-65, -56, -83, -74, -100],02/03/2022 14:24:38
[-65, -62, -100, -73, -100],02/03/2022 14:24:43
[-65, -55, -100, -72, -91],02/03/2022 14:24:47
[-65, -62, -80, -73, -100],02/03/2022 14:24:51
[-68, -62, -79, -70, -100],02/03/2022 14:24:55
[-65, -62, -84, -69, -92],02/03/2022 14:24:59
[-65, -53, -83, -70, -100],02/03/2022 14:25:03
[-65, -53, -84, -70, -100],02/03/2022 14:25:08
[-65, -56, -87, -72, -100],02/03/2022 14:25:13
[-67, -54, -83, -79, -100],02/03/2022 14:25:17
[-67, -62, -100, -73, -100],02/03/2022 14:25:21
[-66, -54, -100, -81, -100],02/03/2022 14:25:25
[-67, -56, -78, -73, -100],02/03/2022 14:25:29
[-65, -53, -100, -69, -100],02/03/2022 14:25:33
[-65, -57, -83, -70, -100],02/03/2022 14:25:37
[-65, -62, -81, -70, -100],02/03/2022 14:25:42
[-65, -61, -84, -73, -95],02/03/2022 14:25:46
[-64, -56, -100, -79, -100],02/03/2022 14:25:50
[-66, -56, -100, -80, -100],02/03/2022 14:25:54
[-65, -56, -82, -80, -100],02/03/2022 14:25:58
[-65, -62, -81, -70, -100],02/03/2022 14:26:03
[-66, -57, -100, -80, -100],02/03/2022 14:26:07
[-65, -56, -78, -79, -100],02/03/2022 14:26:11
[-67, -56, -83, -73, -100],02/03/2022 14:26:15
[-67, -57, -79, -69, -100],02/03/2022 14:26:19
[-65, -54, -79, -79, -100],02/03/2022 14:26:23
[-67, -53, -100, -73, -100],02/03/2022 14:26:27
[-64, -54, -100, -73, -100],02/03/2022 14:26:32
[-65, -54, -86, -72, -100],02/03/2022 14:26:36
[-66, -57, -78, -70, -100],02/03/2022 14:26:40
[-65, -56, -78, -73, -100],02/03/2022 14:26:44
[-65, -56, -100, -72, -87],02/03/2022 14:26:48
[-67, -57, -85, -73, -100],02/03/2022 14:26:53
[-65, -54, -100, -72, -100],02/03/2022 14:26:57
[-67, -62, -78, -80, -100],02/03/2022 14:27:01
[-69, -62, -79, -79, -100],02/03/2022 14:27:05
[-66, -62, -83, -70, -100],02/03/2022 14:27:09
[-64, -62, -84, -69, -100],02/03/2022 14:27:13
[-64, -62, -100, -70, -100],02/03/2022 14:27:17
[-66, -53, -85, -72, -100],02/03/2022 14:27:22
[-65, -53, -84, -70, -100],02/03/2022 14:27:26
[-64, -53, -100, -81, -100],02/03/2022 14:27:30
[-67, -54, -89, -81, -100],02/03/2022 14:27:34
[-66, -56, -83, -83, -100],02/03/2022 14:27:38
[-65, -53, -100, -70, -100],02/03/2022 14:27:42
[-65, -57, -100, -73, -100],02/03/2022 14:27:47
[-67, -54, -83, -73, -89],02/03/2022 14:27:51
[-67, -53, -100, -72, -100],02/03/2022 14:27:55
[-67, -56, -100, -73, -100],02/03/2022 14:27:59
[-65, -56, -83, -74, -100],02/03/2022 14:28:03
[-67, -53, -84, -70, -100],02/03/2022 14:28:07
[-65, -53, -100, -70, -100],02/03/2022 14:28:12
[-66, -56, -83, -72, -100],02/03/2022 14:28:16
[-67, -56, -82, -73, -100],02/03/2022 14:28:20
[-67, -62, -83, -72, -100],02/03/2022 14:28:24
[-66, -62, -80, -69, -100],02/03/2022 14:28:28
[-66, -57, -81, -79, -100],02/03/2022 14:28:33
[-64, -53, -100, -80, -100],02/03/2022 14:28:37
[-65, -54, -79, -80, -100],02/03/2022 14:28:41
[-64, -54, -80, -80, -100],02/03/2022 14:28:45
[-65, -54, -85, -74, -100],02/03/2022 14:28:49
[-64, -53, -100, -73, -100],02/03/2022 14:28:53
[-68, -57, -80, -73, -89],02/03/2022 14:28:58
[-64, -56, -83, -72, -100],02/03/2022 14:29:02
[-67, -56, -100, -69, -92],02/03/2022 14:29:06
[-65, -56, -100, -70, -100],02/03/2022 14:29:10
[-65, -56, -82, -70, -100],02/03/2022 14:29:14
[-66, -56, -100, -70, -100],02/03/2022 14:29:18
[-65, -62, -83, -70, -100],02/03/2022 14:29:22
[-67, -57, -100, -73, -100],02/03/2022 14:29:27
[-67, -61, -78, -73, -100],02/03/2022 14:29:31
[-68, -54, -78, -72, -100],02/03/2022 14:29:35
[-68, -53, -86, -81, -100],02/03/2022 14:29:39
[-67, -53, -80, -70, -100],02/03/2022 14:29:43
[-65, -54, -82, -71, -100],02/03/2022 14:29:47
[-65, -53, -79, -70, -100],02/03/2022 14:29:52
[-64, -57, -81, -70, -100],02/03/2022 14:29:56
[-65, -56, -83, -73, -100],02/03/2022 14:30:00
[-64, -56, -79, -69, -100],02/03/2022 14:30:04
[-67, -53, -79, -81, -100],02/03/2022 14:30:08
[-66, -56, -82, -80, -100],02/03/2022 14:30:12
[-67, -62, -78, -70, -100],02/03/2022 14:30:17
[-65, -62, -81, -70, -100],02/03/2022 14:30:21
[-64, -56, -83, -72, -100],02/03/2022 14:30:25
[-64, -57, -85, -73, -100],02/03/2022 14:30:29
[-67, -53, -86, -79, -96],02/03/2022 14:30:33
[-65, -62, -100, -73, -100],02/03/2022 14:30:37
[-65, -53, -81, -69, -100],02/03/2022 14:30:42
[-67, -62, -88, -70, -100],02/03/2022 14:30:46
[-66, -53, -100, -80, -86],02/03/2022 14:30:50
[-68, -57, -79, -70, -100],02/03/2022 14:30:54
[-65, -58, -80, -81, -100],02/03/2022 14:30:58
[-66, -57, -77, -72, -100],02/03/2022 14:31:02
[-67, -54, -100, -73, -89],02/03/2022 14:31:07
[-66, -56, -100, -72, -100],02/03/2022 14:31:11
[-66, -58, -100, -73, -100],02/03/2022 14:31:15
[-67, -63, -100, -73, -100],02/03/2022 14:31:19
[-66, -57, -86, -70, -89],02/03/2022 14:31:23
[-64, -63, -82, -70, -100],02/03/2022 14:31:28
[-67, -54, -100, -70, -100],02/03/2022 14:31:32
[-65, -56, -79, -70, -100],02/03/2022 14:31:36
[-68, -53, -81, -81, -93],02/03/2022 14:31:40
[-67, -63, -83, -80, -100],02/03/2022 14:31:44
[-66, -54, -100, -82, -86],02/03/2022 14:31:48
[-66, -56, -82, -80, -100],02/03/2022 14:31:52
[-66, -53, -81, -100, -100],02/03/2022 14:31:57
[-66, -53, -83, -82, -100],02/03/2022 14:32:01
[-64, -53, -100, -70, -100],02/03/2022 14:32:05
[-64, -54, -100, -69, -100],02/03/2022 14:32:19
[-65, -56, -100, -100, -100],02/03/2022 14:32:21
[-65, -56, -100, -73, -100],02/03/2022 14:32:24
[-66, -56, -100, -70, -100],02/03/2022 14:32:28
[-68, -56, -85, -72, -100],02/03/2022 14:32:32
[-67, -61, -100, -80, -100],02/03/2022 14:32:37
[-69, -60, -76, -79, -100],02/03/2022 14:32:41
[-65, -61, -87, -80, -100],02/03/2022 14:32:45
[-68, -61, -85, -81, -86],02/03/2022 14:32:49
[-69, -53, -87, -72, -100],02/03/2022 14:32:53
[-69, -53, -83, -72, -100],02/03/2022 14:32:57
[-69, -54, -83, -73, -87],02/03/2022 14:33:01
[-65, -62, -87, -80, -100],02/03/2022 14:33:05
[-67, -61, -100, -73, -100],02/03/2022 14:33:09
[-64, -53, -82, -70, -100],02/03/2022 14:33:13
[-67, -62, -80, -70, -93],02/03/2022 14:33:17
[-66, -54, -83, -73, -89],02/03/2022 14:33:21
[-68, -56, -100, -73, -100],02/03/2022 14:33:26
[-66, -61, -100, -73, -100],02/03/2022 14:33:30
[-69, -56, -80, -70, -100],02/03/2022 14:33:34
[-68, -56, -100, -80, -100],02/03/2022 14:33:38
[-64, -56, -100, -70, -100],02/03/2022 14:33:42
[-64, -56, -100, -82, -100],02/03/2022 14:33:46
[-64, -61, -100, -80, -100],02/03/2022 14:33:51
[-68, -62, -82, -70, -100],02/03/2022 14:33:55
[-64, -61, -100, -73, -100],02/03/2022 14:33:59
[-68, -61, -81, -73, -100],02/03/2022 14:34:03
[-64, -56, -100, -73, -100],02/03/2022 14:34:07
[-64, -53, -86, -70, -100],02/03/2022 14:34:12
[-68, -53, -100, -72, -100],02/03/2022 14:34:16
[-64, -54, -100, -73, -92],02/03/2022 14:34:20
[-67, -53, -100, -80, -100],02/03/2022 14:34:24
[-64, -60, -100, -73, -100],02/03/2022 14:34:28
[-66, -56, -100, -74, -100],02/03/2022 14:34:32
[-65, -60, -100, -73, -100],02/03/2022 14:34:36
[-66, -56, -100, -79, -100],02/03/2022 14:34:41
[-66, -56, -100, -73, -100],02/03/2022 14:34:45
[-66, -52, -100, -75, -100],02/03/2022 14:34:49
[-66, -52, -84, -70, -100],02/03/2022 14:34:53
[-66, -53, -100, -70, -100],02/03/2022 14:34:57
[-67, -60, -100, -73, -100],02/03/2022 14:35:01
[-69, -54, -100, -73, -100],02/03/2022 14:35:05
[-67, -56, -100, -73, -100],02/03/2022 14:35:10
[-68, -53, -82, -74, -100],02/03/2022 14:35:14
[-66, -57, -84, -83, -100],02/03/2022 14:35:18
[-64, -52, -81, -69, -100],02/03/2022 14:35:22
[-65, -61, -100, -79, -100],02/03/2022 14:35:26
[-66, -62, -100, -73, -100],02/03/2022 14:35:31
[-65, -62, -83, -71, -100],02/03/2022 14:35:35
[-68, -62, -82, -73, -100],02/03/2022 14:35:39
[-68, -61, -100, -72, -90],02/03/2022 14:35:43
[-67, -54, -82, -73, -100],02/03/2022 14:35:47
[-68, -54, -100, -70, -100],02/03/2022 14:35:51
[-67, -54, -83, -80, -100],02/03/2022 14:35:56
[-66, -60, -100, -78, -100],02/03/2022 14:36:00
[-64, -53, -100, -79, -90],02/03/2022 14:36:04
[-64, -56, -100, -81, -100],02/03/2022 14:36:08
[-67, -54, -100, -73, -100],02/03/2022 14:36:12
[-67, -56, -83, -73, -91],02/03/2022 14:36:16
[-66, -56, -100, -74, -100],02/03/2022 14:36:21
[-63, -53, -82, -74, -100],02/03/2022 14:36:25
[-68, -56, -100, -70, -100],02/03/2022 14:36:29
[-66, -53, -100, -78, -100],02/03/2022 14:36:33
[-64, -61, -82, -80, -100],02/03/2022 14:36:37
[-64, -60, -79, -70, -100],02/03/2022 14:36:41
[-64, -57, -80, -79, -100],02/03/2022 14:36:46
[-64, -52, -100, -80, -100],02/03/2022 14:36:50
[-63, -53, -82, -78, -100],02/03/2022 14:36:54
[-66, -54, -82, -80, -100],02/03/2022 14:36:58
[-66, -52, -82, -79, -100],02/03/2022 14:37:02
[-64, -56, -82, -79, -100],02/03/2022 14:37:06
[-66, -56, -80, -70, -100],02/03/2022 14:37:11
[-69, -57, -100, -73, -100],02/03/2022 14:37:15
[-68, -56, -80, -72, -88],02/03/2022 14:37:19
[-69, -53, -81, -73, -100],02/03/2022 14:37:23
[-64, -60, -86, -73, -100],02/03/2022 14:37:27
[-69, -54, -79, -80, -100],02/03/2022 14:37:31
[-64, -61, -82, -74, -100],02/03/2022 14:37:36
[-67, -53, -79, -80, -100],02/03/2022 14:37:40
[-67, -56, -83, -73, -100],02/03/2022 14:37:44
[-64, -53, -100, -73, -90],02/03/2022 14:37:48
[-66, -57, -100, -70, -100],02/03/2022 14:37:52
[-65, -53, -86, -73, -100],02/03/2022 14:37:56
[-70, -57, -100, -72, -100],02/03/2022 14:38:00
[-69, -61, -81, -73, -100],02/03/2022 14:38:05
[-70, -56, -82, -80, -100],02/03/2022 14:38:09
[-66, -57, -86, -80, -100],02/03/2022 14:38:13
[-66, -61, -79, -80, -100],02/03/2022 14:38:17
[-65, -53, -85, -70, -87],02/03/2022 14:38:21
[-65, -61, -100, -73, -100],02/03/2022 14:38:26
[-65, -53, -85, -70, -100],02/03/2022 14:38:30
[-69, -56, -100, -73, -100],02/03/2022 14:38:34
[-65, -53, -100, -74, -100],02/03/2022 14:38:38
[-68, -56, -81, -73, -100],02/03/2022 14:38:42
[-68, -53, -82, -73, -100],02/03/2022 14:38:47
[-68, -57, -83, -70, -100],02/03/2022 14:38:51
[-64, -52, -100, -74, -100],02/03/2022 14:38:55
[-65, -53, -85, -69, -100],02/03/2022 14:38:59
[-65, -57, -85, -72, -100],02/03/2022 14:39:03
[-65, -56, -83, -69, -89],02/03/2022 14:39:07
[-65, -56, -83, -77, -100],02/03/2022 14:39:11
[-66, -56, -100, -78, -100],02/03/2022 14:39:16
[-68, -60, -82, -79, -100],02/03/2022 14:39:20
[-66, -61, -81, -74, -100],02/03/2022 14:39:24
[-69, -61, -81, -70, -100],02/03/2022 14:39:28
[-64, -60, -83, -72, -95],02/03/2022 14:39:32
[-64, -56, -100, -74, -100],02/03/2022 14:39:36
[-64, -53, -84, -73, -87],02/03/2022 14:39:41
[-68, -61, -82, -73, -100],02/03/2022 14:39:45
[-64, -53, -100, -70, -100],02/03/2022 14:39:49
[-65, -61, -100, -72, -100],02/03/2022 14:39:53
[-65, -61, -100, -70, -100],02/03/2022 14:39:57
[-66, -56, -83, -70, -100],02/03/2022 14:40:03
[-65, -53, -100, -80, -90],02/03/2022 14:40:07
[-68, -53, -83, -80, -100],02/03/2022 14:40:11
[-65, -54, -100, -70, -100],02/03/2022 14:40:15
[-65, -56, -83, -80, -100],02/03/2022 14:40:19
[-66, -56, -82, -73, -100],02/03/2022 14:40:23
[-68, -56, -100, -72, -100],02/03/2022 14:40:27
[-65, -61, -100, -73, -100],02/03/2022 14:40:31
[-65, -61, -100, -73, -100],02/03/2022 14:40:35
[-65, -53, -80, -73, -93],02/03/2022 14:40:39
[-65, -60, -100, -79, -100],02/03/2022 14:40:43
[-65, -53, -85, -78, -100],02/03/2022 14:40:47
[-66, -53, -82, -78, -100],02/03/2022 14:40:51
[-65, -61, -82, -78, -100],02/03/2022 14:40:56
[-65, -57, -79, -70, -100],02/03/2022 14:41:00
[-65, -53, -86, -72, -100],02/03/2022 14:41:04
[-68, -53, -100, -80, -100],02/03/2022 14:41:08
[-68, -53, -100, -73, -100],02/03/2022 14:41:12
[-68, -61, -80, -73, -100],02/03/2022 14:41:16
[-67, -57, -100, -69, -100],02/03/2022 14:41:21
[-65, -61, -81, -73, -94],02/03/2022 14:41:25
[-66, -61, -100, -70, -89],02/03/2022 14:41:29
[-66, -60, -81, -70, -90],02/03/2022 14:41:33
[-64, -61, -84, -70, -100],02/03/2022 14:41:37
[-66, -52, -80, -79, -87],02/03/2022 14:41:42
[-65, -53, -87, -80, -100],02/03/2022 14:41:46
[-69, -56, -100, -80, -100],02/03/2022 14:41:50
[-67, -53, -86, -69, -100],02/03/2022 14:41:54
[-68, -53, -100, -70, -100],02/03/2022 14:41:58
[-67, -52, -80, -73, -90],02/03/2022 14:42:02
[-64, -53, -81, -73, -95],02/03/2022 14:42:07
[-65, -53, -80, -70, -100],02/03/2022 14:42:11
[-64, -60, -82, -73, -100],02/03/2022 14:42:15
[-65, -61, -88, -80, -100],02/03/2022 14:42:19
[-64, -61, -85, -100, -100],02/03/2022 14:42:23
[-65, -57, -100, -73, -100],02/03/2022 14:42:27
[-67, -56, -100, -73, -100],02/03/2022 14:42:31