
[-63, -53, -78, -79, -92],17/02/2022 19:33:57
[-60, -53, -100, -81, -100],17/02/2022 19:34:01
[-61, -52, -85, -84, -100],17/02/2022 19:34:05
[-61, -50, -78, -83, -89],17/02/2022 19:34:09
[-60, -50, -100, -83, -100],17/02/2022 19:34:13
[-66, -50, -100, -83, -91],17/02/2022 19:34:17
[-76, -50, -79, -84, -100],17/02/2022 19:34:21
[-61, -50, -90, -80, -90],17/02/2022 19:34:25
[-65, -49, -100, -81, -100],17/02/2022 19:34:29
[-66, -53, -90, -82, -91],17/02/2022 19:34:34
[-65, -48, -78, -82, -100],17/02/2022 19:34:38
[-66, -49, -100, -83, -100],17/02/2022 19:34:42
[-66, -50, -100, -83, -100],17/02/2022 19:34:46
[-64, -50, -80, -82, -100],17/02/2022 19:34:50
[-60, -50, -78, -80, -100],17/02/2022 19:34:54
[-63, -54, -88, -83, -93],17/02/2022 19:34:59
[-62, -50, -80, -82, -100],17/02/2022 19:35:03
[-74, -49, -78, -81, -90],17/02/2022 19:35:07
[-73, -49, -78, -84, -100],17/02/2022 19:35:11
[-62, -49, -100, -82, -100],17/02/2022 19:35:15
[-60, -49, -100, -84, -89],17/02/2022 19:35:19
[-62, -49, -96, -85, -92],17/02/2022 19:35:24
[-62, -53, -77, -79, -100],17/02/2022 19:35:28
[-60, -54, -100, -81, -100],17/02/2022 19:35:32
[-73, -54, -88, -83, -90],17/02/2022 19:35:36
[-60, -53, -89, -83, -100],17/02/2022 19:35:40
[-60, -53, -88, -82, -92],17/02/2022 19:35:44
[-60, -50, -100, -83, -91],17/02/2022 19:35:48
[-62, -50, -82, -82, -92],17/02/2022 19:35:53
[-63, -50, -89, -80, -90],17/02/2022 19:35:57
[-74, -49, -100, -81, -100],17/02/2022 19:36:01
[-60, -49, -100, -82, -100],17/02/2022 19:36:05
[-75, -49, -100, -82, -91],17/02/2022 19:36:09
[-62, -49, -89, -81, -91],17/02/2022 19:36:13
[-75, -50, -100, -82, -90],17/02/2022 19:36:18
[-62, -48, -100, -83, -100],17/02/2022 19:36:22
[-61, -54, -82, -82, -100],17/02/2022 19:36:26
[-63, -53, -81, -82, -100],17/02/2022 19:36:30
[-78, -53, -100, -89, -93],17/02/2022 19:36:34
[-62, -53, -82, -80, -92],17/02/2022 19:36:38
[-66, -49, -82, -90, -100],17/02/2022 19:36:43
[-65, -50, -81, -79, -100],17/02/2022 19:36:47
[-63, -49, -78, -78, -95],17/02/2022 19:36:51
[-61, -53, -80, -76, -90],17/02/2022 19:36:55
[-61, -49, -84, -79, -91],17/02/2022 19:36:59
[-62, -48, -100, -80, -100],17/02/2022 19:37:03
[-61, -48, -100, -83, -90],17/02/2022 19:37:07
[-72, -48, -86, -80, -100],17/02/2022 19:37:12
[-72, -50, -100, -83, -100],17/02/2022 19:37:16
[-59, -50, -84, -87, -92],17/02/2022 19:37:20
[-61, -55, -89, -85, -100],17/02/2022 19:37:24
[-71, -53, -86, -81, -100],17/02/2022 19:37:28
[-66, -49, -100, -85, -100],17/02/2022 19:37:32
[-59, -54, -100, -83, -92],17/02/2022 19:37:37
[-69, -47, -100, -82, -100],17/02/2022 19:37:41
[-61, -49, -100, -87, -100],17/02/2022 19:37:45
[-61, -49, -100, -84, -100],17/02/2022 19:37:49
[-70, -52, -78, -81, -91],17/02/2022 19:37:53
[-61, -49, -81, -83, -100],17/02/2022 19:37:57
[-71, -49, -86, -83, -100],17/02/2022 19:38:02
[-70, -49, -88, -85, -94],17/02/2022 19:38:06
[-63, -49, -83, -83, -92],17/02/2022 19:38:10
[-61, -50, -100, -82, -100],17/02/2022 19:38:14
[-58, -50, -82, -83, -100],17/02/2022 19:38:18
[-100, -52, -100, -83, -100],17/02/2022 19:38:22
[-58, -52, -100, -82, -100],17/02/2022 19:38:26
[-72, -48, -87, -80, -100],17/02/2022 19:38:31
[-58, -48, -100, -81, -100],17/02/2022 19:38:35
[-70, -49, -81, -82, -95],17/02/2022 19:38:39
[-61, -52, -82, -80, -92],17/02/2022 19:38:43
[-61, -49, -100, -79, -100],17/02/2022 19:38:47
[-61, -52, -81, -81, -100],17/02/2022 19:38:51
[-62, -50, -100, -79, -90],17/02/2022 19:38:56
[-70, -48, -81, -84, -100],17/02/2022 19:39:00
[-58, -48, -90, -85, -94],17/02/2022 19:39:04
[-71, -49, -87, -83, -91],17/02/2022 19:39:08
[-70, -48, -100, -82, -92],17/02/2022 19:39:12
[-61, -48, -89, -82, -92],17/02/2022 19:39:16
[-70, -52, -79, -80, -100],17/02/2022 19:39:20
[-61, -49, -100, -81, -100],17/02/2022 19:39:25
[-58, -52, -100, -79, -100],17/02/2022 19:39:29
[-71, -52, -100, -82, -94],17/02/2022 19:39:33
[-58, -53, -100, -83, -100],17/02/2022 19:39:37
[-61, -48, -91, -81, -100],17/02/2022 19:39:41
[-61, -48, -100, -83, -89],17/02/2022 19:39:45
[-59, -47, -88, -86, -90],17/02/2022 19:39:50
[-59, -48, -100, -85, -100],17/02/2022 19:39:54
[-62, -53, -100, -85, -100],17/02/2022 19:39:58
[-71, -50, -81, -83, -100],17/02/2022 19:40:02
[-59, -52, -83, -79, -91],17/02/2022 19:40:06
[-59, -50, -88, -84, -91],17/02/2022 19:40:10
[-71, -53, -81, -85, -100],17/02/2022 19:40:15
[-62, -48, -100, -85, -91],17/02/2022 19:40:19
[-61, -48, -100, -81, -100],17/02/2022 19:40:23
[-59, -49, -81, -83, -100],17/02/2022 19:40:27
[-59, -48, -100, -79, -100],17/02/2022 19:40:31
[-61, -49, -100, -85, -92],17/02/2022 19:40:35
[-59, -52, -86, -84, -90],17/02/2022 19:40:40
[-61, -48, -100, -85, -100],17/02/2022 19:40:44
[-70, -52, -82, -84, -100],17/02/2022 19:40:48
[-58, -53, -82, -79, -100],17/02/2022 19:40:52
[-71, -49, -100, -83, -100],17/02/2022 19:40:56
[-61, -50, -90, -78, -100],17/02/2022 19:41:00
[-58, -49, -100, -83, -91],17/02/2022 19:41:05
[-58, -50, -100, -85, -92],17/02/2022 19:41:09
[-70, -50, -100, -84, -100],17/02/2022 19:41:13
[-69, -48, -81, -100, -100],17/02/2022 19:41:17
[-61, -48, -100, -86, -90],17/02/2022 19:41:21
[-71, -53, -87, -84, -100],17/02/2022 19:41:25
[-70, -48, -88, -80, -100],17/02/2022 19:41:29
[-61, -49, -90, -80, -90],17/02/2022 19:41:34
[-70, -53, -86, -80, -92],17/02/2022 19:41:38
[-61, -53, -91, -79, -90],17/02/2022 19:41:42
[-71, -52, -81, -79, -100],17/02/2022 19:41:46
[-71, -53, -82, -84, -100],17/02/2022 19:41:50
[-59, -50, -85, -84, -100],17/02/2022 19:41:55
[-100, -50, -100, -83, -90],17/02/2022 19:41:59
[-61, -50, -83, -83, -91],17/02/2022 19:42:03
[-59, -49, -100, -86, -90],17/02/2022 19:42:07
[-61, -50, -89, -79, -91],17/02/2022 19:42:11
[-71, -53, -100, -84, -100],17/02/2022 19:42:15
[-71, -48, -88, -82, -100],17/02/2022 19:42:20
[-70, -52, -100, -100, -89],17/02/2022 19:42:24
[-70, -49, -82, -81, -91],17/02/2022 19:42:28
[-58, -48, -77, -82, -89],17/02/2022 19:42:32
[-58, -50, -100, -85, -89],17/02/2022 19:42:36
[-71, -50, -78, -83, -90],17/02/2022 19:42:40
[-59, -50, -84, -82, -100],17/02/2022 19:42:45
[-58, -50, -100, -80, -100],17/02/2022 19:42:49
[-58, -52, -100, -83, -100],17/02/2022 19:42:53
[-58, -48, -85, -81, -89],17/02/2022 19:42:57
[-62, -48, -79, -83, -100],17/02/2022 19:43:01
[-71, -49, -100, -83, -89],17/02/2022 19:43:05
[-58, -48, -82, -80, -89],17/02/2022 19:43:09
[-70, -50, -78, -81, -100],17/02/2022 19:43:14
[-58, -53, -91, -79, -88],17/02/2022 19:43:18
[-100, -53, -78, -82, -100],17/02/2022 19:43:22
[-71, -53, -94, -81, -89],17/02/2022 19:43:26
[-61, -52, -100, -81, -89],17/02/2022 19:43:30
[-62, -48, -79, -82, -91],17/02/2022 19:43:34
[-59, -48, -76, -85, -100],17/02/2022 19:43:39
[-58, -48, -100, -82, -90],17/02/2022 19:43:43
[-58, -48, -100, -79, -100],17/02/2022 19:43:47
[-61, -53, -78, -81, -100],17/02/2022 19:43:51
[-75, -50, -83, -80, -100],17/02/2022 19:43:55
[-64, -50, -77, -79, -100],17/02/2022 19:43:59
[-100, -54, -82, -86, -100],17/02/2022 19:44:04
[-64, -50, -80, -81, -94],17/02/2022 19:44:08
[-70, -49, -100, -79, -100],17/02/2022 19:44:12
[-62, -50, -82, -79, -100],17/02/2022 19:44:16
[-69, -49, -79, -86, -100],17/02/2022 19:44:20
[-64, -50, -80, -79, -100],17/02/2022 19:44:25
[-62, -49, -79, -86, -100],17/02/2022 19:44:29
[-64, -53, -84, -79, -100],17/02/2022 19:44:33
[-64, -53, -83, -79, -100],17/02/2022 19:44:37
[-69, -53, -84, -79, -100],17/02/2022 19:44:41
[-71, -52, -84, -86, -100],17/02/2022 19:44:45
[-61, -51, -87, -85, -91],17/02/2022 19:44:50
[-78, -50, -79, -78, -91],17/02/2022 19:44:54
[-76, -50, -77, -89, -91],17/02/2022 19:44:58
[-61, -48, -77, -86, -93],17/02/2022 19:45:02
[-75, -50, -100, -86, -100],17/02/2022 19:45:06
[-63, -48, -77, -79, -100],17/02/2022 19:45:10
[-61, -49, -79, -79, -97],17/02/2022 19:45:14
[-76, -49, -100, -80, -100],17/02/2022 19:45:19
[-61, -49, -78, -88, -100],17/02/2022 19:45:23
[-63, -49, -76, -80, -100],17/02/2022 19:45:27
[-64, -53, -100, -79, -93],17/02/2022 19:45:31
[-76, -53, -77, -88, -100],17/02/2022 19:45:35
[-63, -53, -100, -80, -95],17/02/2022 19:45:40
[-64, -50, -79, -78, -100],17/02/2022 19:45:44
[-64, -49, -100, -79, -100],17/02/2022 19:45:48
[-63, -50, -84, -78, -93],17/02/2022 19:45:52
[-63, -50, -100, -78, -100],17/02/2022 19:45:56
[-63, -51, -77, -78, -100],17/02/2022 19:46:00
[-61, -49, -78, -86, -100],17/02/2022 19:46:04
[-76, -49, -87, -85, -92],17/02/2022 19:46:09
[-61, -54, -79, -88, -100],17/02/2022 19:46:13
[-61, -53, -79, -89, -92],17/02/2022 19:46:17
[-63, -53, -100, -78, -100],17/02/2022 19:46:21
[-63, -53, -79, -79, -100],17/02/2022 19:46:25
[-61, -51, -78, -78, -92],17/02/2022 19:46:29
[-74, -50, -86, -79, -93],17/02/2022 19:46:34
[-64, -50, -85, -78, -92],17/02/2022 19:46:38
[-61, -49, -100, -79, -92],17/02/2022 19:46:42
[-62, -53, -82, -79, -90],17/02/2022 19:46:46
[-77, -53, -80, -86, -90],17/02/2022 19:46:50
[-76, -53, -85, -78, -100],17/02/2022 19:46:54
[-76, -53, -100, -80, -90],17/02/2022 19:46:58
[-62, -54, -80, -78, -100],17/02/2022 19:47:03
[-60, -51, -79, -79, -100],17/02/2022 19:47:07
[-63, -50, -80, -86, -100],17/02/2022 19:47:11
[-62, -50, -100, -80, -91],17/02/2022 19:47:15
[-75, -51, -78, -79, -89],17/02/2022 19:47:19
[-61, -51, -79, -80, -100],17/02/2022 19:47:23
[-74, -54, -100, -87, -100],17/02/2022 19:47:28
[-63, -49, -80, -79, -91],17/02/2022 19:47:32
[-63, -53, -100, -78, -90],17/02/2022 19:47:36
[-61, -48, -100, -87, -100],17/02/2022 19:47:40
[-61, -53, -100, -79, -100],17/02/2022 19:47:44
[-62, -50, -82, -87, -90],17/02/2022 19:47:49
[-62, -54, -85, -89, -100],17/02/2022 19:47:53
[-63, -50, -78, -85, -90],17/02/2022 19:47:57
[-62, -54, -83, -81, -100],17/02/2022 19:48:01
[-63, -48, -80, -79, -100],17/02/2022 19:48:05
[-85, -49, -100, -80, -100],17/02/2022 19:48:09
[-63, -49, -79, -80, -90],17/02/2022 19:48:14
[-61, -49, -100, -85, -100],17/02/2022 19:48:18
[-100, -49, -100, -84, -100],17/02/2022 19:48:22
[-65, -53, -80, -89, -90],17/02/2022 19:48:26
[-64, -53, -79, -85, -100],17/02/2022 19:48:30
[-65, -53, -100, -88, -100],17/02/2022 19:48:34
[-61, -54, -100, -87, -100],17/02/2022 19:48:38
[-61, -50, -100, -79, -92],17/02/2022 19:48:43
[-65, -51, -100, -79, -100],17/02/2022 19:48:47
[-65, -50, -100, -80, -100],17/02/2022 19:48:51
[-61, -50, -78, -79, -100],17/02/2022 19:48:55
[-83, -53, -90, -85, -100],17/02/2022 19:48:59
[-65, -48, -80, -86, -100],17/02/2022 19:49:03
[-64, -48, -100, -80, -100],17/02/2022 19:49:08
[-60, -49, -100, -86, -100],17/02/2022 19:49:12
[-65, -49, -80, -86, -100],17/02/2022 19:49:16
[-60, -50, -80, -80, -92],17/02/2022 19:49:20
[-66, -53, -79, -86, -90],17/02/2022 19:49:24
[-65, -49, -80, -79, -100],17/02/2022 19:49:28
[-64, -53, -78, -87, -100],17/02/2022 19:49:33
[-76, -54, -100, -79, -100],17/02/2022 19:49:37
[-65, -50, -78, -87, -91],17/02/2022 19:49:41
[-64, -49, -80, -87, -100],17/02/2022 19:49:45
[-76, -50, -100, -79, -90],17/02/2022 19:49:49
[-63, -50, -86, -87, -100],17/02/2022 19:49:53
[-63, -50, -100, -79, -100],17/02/2022 19:49:58
[-75, -53, -100, -87, -100],17/02/2022 19:50:02
[-63, -49, -79, -79, -94],17/02/2022 19:50:06
[-61, -52, -84, -79, -100],17/02/2022 19:50:10
[-71, -49, -81, -86, -100],17/02/2022 19:50:14
[-62, -53, -100, -88, -100],17/02/2022 19:50:18
[-63, -51, -79, -88, -93],17/02/2022 19:50:23
[-70, -50, -100, -86, -100],17/02/2022 19:50:27
[-64, -50, -80, -80, -100],17/02/2022 19:50:31
[-63, -53, -87, -80, -100],17/02/2022 19:50:35
[-71, -49, -100, -79, -93],17/02/2022 19:50:39
[-60, -49, -100, -78, -100],17/02/2022 19:50:43
[-72, -49, -82, -79, -100],17/02/2022 19:50:47
[-65, -49, -89, -78, -100],17/02/2022 19:50:52
[-62, -49, -100, -80, -100],17/02/2022 19:50:56
[-63, -50, -77, -80, -100],17/02/2022 19:51:00
[-64, -53, -100, -80, -100],17/02/2022 19:51:04
[-62, -50, -84, -88, -100],17/02/2022 19:51:08
[-66, -50, -100, -86, -100],17/02/2022 19:51:12
[-68, -51, -100, -78, -90],17/02/2022 19:51:17
[-66, -49, -78, -78, -89],17/02/2022 19:51:21
[-66, -49, -79, -79, -100],17/02/2022 19:51:25
[-65, -49, -79, -79, -100],17/02/2022 19:51:29
[-100, -50, -90, -84, -100],17/02/2022 19:51:33
[-82, -54, -100, -82, -100],17/02/2022 19:51:38
[-63, -54, -100, -89, -100],17/02/2022 19:51:42
[-64, -54, -80, -83, -93],17/02/2022 19:51:46
[-100, -53, -100, -80, -100],17/02/2022 19:51:50
[-100, -50, -100, -79, -89],17/02/2022 19:51:54
[-61, -49, -100, -80, -100],17/02/2022 19:51:58
[-63, -48, -100, -78, -100],17/02/2022 19:52:02
[-64, -50, -100, -86, -100],17/02/2022 19:52:07
[-62, -50, -100, -85, -91],17/02/2022 19:52:11
[-63, -49, -100, -86, -100],17/02/2022 19:52:15
[-63, -53, -79, -86, -100],17/02/2022 19:52:20
[-60, -53, -82, -81, -100],17/02/2022 19:52:23
[-63, -53, -79, -86, -93],17/02/2022 19:52:27
[-62, -53, -82, -79, -89],17/02/2022 19:52:32
[-64, -51, -100, -79, -100],17/02/2022 19:52:36
[-60, -50, -100, -78, -93],17/02/2022 19:52:40
[-63, -50, -100, -86, -100],17/02/2022 19:52:44
[-66, -51, -100, -77, -100],17/02/2022 19:52:48
[-70, -50, -100, -84, -92],17/02/2022 19:52:52
[-60, -49, -100, -85, -93],17/02/2022 19:52:57
[-64, -49, -100, -84, -91],17/02/2022 19:53:01
[-61, -49, -78, -78, -91],17/02/2022 19:53:05
[-61, -49, -100, -78, -100],17/02/2022 19:53:09
[-62, -49, -100, -78, -100],17/02/2022 19:53:13
[-64, -53, -100, -78, -100],17/02/2022 19:53:17
[-68, -49, -100, -86, -94],17/02/2022 19:53:22
[-64, -53, -100, -100, -90],17/02/2022 19:53:26
[-100, -53, -100, -78, -100],17/02/2022 19:53:30
[-63, -49, -100, -79, -89],17/02/2022 19:53:34
[-65, -49, -95, -78, -91],17/02/2022 19:53:38
[-64, -49, -100, -78, -93],17/02/2022 19:53:42
[-71, -50, -78, -78, -91],17/02/2022 19:53:47
[-64, -49, -100, -87, -100],17/02/2022 19:53:51
[-63, -54, -77, -77, -90],17/02/2022 19:53:55
[-70, -53, -80, -85, -91],17/02/2022 19:53:59
[-64, -53, -100, -100, -100],17/02/2022 19:54:03
[-64, -53, -76, -84, -92],17/02/2022 19:54:07
[-70, -49, -100, -89, -100],17/02/2022 19:54:11
[-65, -51, -100, -82, -100],17/02/2022 19:54:16
[-64, -50, -94, -78, -100],17/02/2022 19:54:20
[-64, -50, -100, -79, -100],17/02/2022 19:54:24
[-68, -50, -100, -87, -100],17/02/2022 19:54:28
[-66, -49, -84, -89, -100],17/02/2022 19:54:32
[-71, -49, -80, -78, -100],17/02/2022 19:54:37
[-64, -49, -100, -85, -92],17/02/2022 19:54:41
[-66, -49, -78, -78, -100],17/02/2022 19:54:45
[-64, -49, -100, -78, -92],17/02/2022 19:54:49
[-63, -53, -100, -78, -100],17/02/2022 19:54:53
[-68, -49, -79, -77, -91],17/02/2022 19:54:57
[-62, -53, -78, -79, -94],17/02/2022 19:55:02
[-67, -53, -78, -79, -91],17/02/2022 19:55:06
[-63, -54, -100, -87, -100],17/02/2022 19:55:10
[-67, -51, -78, -78, -100],17/02/2022 19:55:14
[-62, -51, -100, -88, -96],17/02/2022 19:55:18
[-62, -50, -100, -86, -100],17/02/2022 19:55:22
[-73, -50, -76, -79, -100],17/02/2022 19:55:27
[-63, -49, -100, -78, -100],17/02/2022 19:55:31
[-66, -53, -80, -79, -92],17/02/2022 19:55:35
[-70, -49, -100, -78, -100],17/02/2022 19:55:39
[-63, -53, -100, -78, -100],17/02/2022 19:55:43
[-63, -49, -83, -78, -100],17/02/2022 19:55:47
[-64, -51, -79, -88, -92],17/02/2022 19:55:52
[-64, -53, -100, -88, -100],17/02/2022 19:55:56
[-69, -50, -100, -85, -100],17/02/2022 19:56:00
[-66, -50, -100, -79, -100],17/02/2022 19:56:04
[-63, -53, -100, -79, -93],17/02/2022 19:56:08
[-65, -49, -81, -80, -100],17/02/2022 19:56:12
[-68, -50, -100, -80, -100],17/02/2022 19:56:17
[-62, -50, -100, -80, -100],17/02/2022 19:56:21
[-68, -50, -78, -88, -100],17/02/2022 19:56:25
[-63, -53, -76, -86, -92],17/02/2022 19:56:29
[-70, -53, -100, -85, -93],17/02/2022 19:56:33
[-69, -49, -100, -86, -100],17/02/2022 19:56:38
[-62, -49, -82, -79, -93],17/02/2022 19:56:41
[-64, -49, -100, -77, -100],17/02/2022 19:56:46
[-64, -51, -100, -78, -100],17/02/2022 19:56:50
[-65, -50, -79, -79, -93],17/02/2022 19:56:54
[-66, -53, -79, -78, -100],17/02/2022 19:56:58
[-63, -50, -100, -78, -100],17/02/2022 19:57:02
[-71, -53, -100, -85, -90],17/02/2022 19:57:07
[-65, -49, -91, -86, -91],17/02/2022 19:57:11
[-70, -49, -77, -86, -100],17/02/2022 19:57:15
[-64, -50, -78, -87, -93],17/02/2022 19:57:19
[-66, -49, -100, -78, -100],17/02/2022 19:57:23
[-71, -54, -100, -87, -100],17/02/2022 19:57:27
[-66, -53, -78, -80, -92],17/02/2022 19:57:32
[-70, -53, -100, -79, -100],17/02/2022 19:57:36
[-64, -53, -79, -87, -100],17/02/2022 19:57:40
[-71, -53, -100, -85, -100],17/02/2022 19:57:44
[-67, -51, -100, -85, -100],17/02/2022 19:57:48
[-67, -50, -100, -86, -100],17/02/2022 19:57:52
[-64, -51, -79, -79, -100],17/02/2022 19:57:56
[-67, -50, -79, -88, -91],17/02/2022 19:58:01
[-69, -50, -100, -78, -100],17/02/2022 19:58:05
[-64, -53, -77, -85, -100],17/02/2022 19:58:09
[-64, -49, -79, -78, -92],17/02/2022 19:58:13
[-67, -53, -100, -86, -100],17/02/2022 19:58:17
[-71, -54, -100, -86, -91],17/02/2022 19:58:21
[-64, -50, -79, -87, -100],17/02/2022 19:58:26
[-71, -50, -100, -80, -100],17/02/2022 19:58:30
[-71, -51, -80, -80, -92],17/02/2022 19:58:34
[-70, -50, -100, -86, -100],17/02/2022 19:58:38
[-63, -50, -100, -80, -100],17/02/2022 19:58:42
[-67, -53, -100, -78, -100],17/02/2022 19:58:46
[-67, -53, -100, -80, -100],17/02/2022 19:58:51
[-70, -54, -78, -81, -100],17/02/2022 19:58:55
[-63, -49, -79, -86, -100],17/02/2022 19:58:59
[-67, -53, -79, -88, -90],17/02/2022 19:59:03
[-62, -50, -79, -86, -100],17/02/2022 19:59:07
[-67, -51, -100, -80, -91],17/02/2022 19:59:11
[-64, -50, -81, -88, -92],17/02/2022 19:59:16
[-68, -50, -78, -81, -100],17/02/2022 19:59:20
[-67, -53, -79, -78, -100],17/02/2022 19:59:24
[-69, -49, -78, -78, -100],17/02/2022 19:59:28
[-64, -53, -100, -87, -100],17/02/2022 19:59:32
[-64, -53, -100, -79, -100],17/02/2022 19:59:36
[-68, -49, -80, -86, -100],17/02/2022 19:59:41
[-68, -50, -80, -79, -100],17/02/2022 19:59:45
[-67, -50, -78, -86, -100],17/02/2022 19:59:49
[-67, -50, -80, -78, -100],17/02/2022 19:59:53
[-70, -50, -78, -79, -100],17/02/2022 19:59:57
[-66, -50, -80, -78, -100],17/02/2022 20:00:01
[-71, -49, -100, -78, -94],17/02/2022 20:00:06
[-68, -49, -100, -79, -100],17/02/2022 20:00:10
[-68, -49, -79, -77, -100],17/02/2022 20:00:14
[-64, -49, -100, -79, -94],17/02/2022 20:00:18
[-69, -53, -85, -85, -100],17/02/2022 20:00:22
[-70, -53, -78, -78, -100],17/02/2022 20:00:26
[-64, -54, -79, -84, -100],17/02/2022 20:00:31
[-65, -54, -100, -94, -100],17/02/2022 20:00:35
[-70, -53, -79, -78, -100],17/02/2022 20:00:39
[-70, -51, -100, -78, -100],17/02/2022 20:00:43
[-63, -51, -79, -78, -100],17/02/2022 20:00:47
[-63, -50, -78, -78, -100],17/02/2022 20:00:51
[-68, -50, -100, -86, -100],17/02/2022 20:00:55
[-68, -50, -78, -85, -94],17/02/2022 20:01:00
[-69, -48, -78, -79, -100],17/02/2022 20:01:04
[-68, -53, -100, -90, -100],17/02/2022 20:01:08
[-68, -53, -100, -100, -100],17/02/2022 20:01:12
[-67, -53, -100, -78, -100],17/02/2022 20:01:16
[-65, -51, -78, -79, -100],17/02/2022 20:01:21
[-63, -50, -100, -78, -100],17/02/2022 20:01:25
[-68, -50, -100, -79, -100],17/02/2022 20:01:29
[-66, -53, -79, -78, -100],17/02/2022 20:01:33
[-61, -54, -77, -78, -100],17/02/2022 20:01:37
[-61, -49, -78, -83, -100],17/02/2022 20:01:41
[-67, -51, -100, -79, -100],17/02/2022 20:01:46
[-60, -49, -100, -84, -100],17/02/2022 20:01:50
[-74, -50, -79, -79, -100],17/02/2022 20:01:54
[-66, -49, -79, -78, -93],17/02/2022 20:01:58
[-59, -54, -100, -79, -100],17/02/2022 20:02:02
[-60, -53, -100, -78, -100],17/02/2022 20:02:06
[-70, -53, -78, -77, -100],17/02/2022 20:02:11
[-66, -54, -79, -77, -100],17/02/2022 20:02:15
[-64, -50, -92, -80, -100],17/02/2022 20:02:19
[-61, -50, -100, -79, -100],17/02/2022 20:02:23
[-100, -50, -80, -84, -100],17/02/2022 20:02:28
[-62, -54, -100, -79, -100],17/02/2022 20:02:31
[-61, -50, -79, -77, -92],17/02/2022 20:02:36
[-60, -49, -100, -85, -92],17/02/2022 20:02:40
[-60, -48, -100, -81, -92],17/02/2022 20:02:44
[-100, -49, -100, -79, -91],17/02/2022 20:02:48
[-64, -49, -100, -88, -94],17/02/2022 20:02:52
[-71, -49, -100, -76, -100],17/02/2022 20:02:56
[-61, -53, -78, -79, -91],17/02/2022 20:03:01
[-60, -50, -100, -87, -100],17/02/2022 20:03:05
[-73, -49, -100, -83, -100],17/02/2022 20:03:09
[-60, -50, -88, -80, -100],17/02/2022 20:03:13
[-61, -49, -76, -80, -93],17/02/2022 20:03:17
[-61, -50, -100, -80, -100],17/02/2022 20:03:22
[-70, -49, -79, -80, -100],17/02/2022 20:03:25
[-61, -50, -85, -78, -100],17/02/2022 20:03:30
[-64, -50, -100, -86, -93],17/02/2022 20:03:34
[-71, -54, -77, -91, -100],17/02/2022 20:03:38
[-71, -53, -100, -86, -100],17/02/2022 20:03:42
[-71, -53, -83, -87, -100],17/02/2022 20:03:46
[-71, -53, -100, -86, -100],17/02/2022 20:03:51
[-70, -53, -100, -87, -100],17/02/2022 20:03:55
[-60, -51, -100, -80, -91],17/02/2022 20:03:59
[-61, -49, -79, -78, -100],17/02/2022 20:04:03
[-72, -50, -100, -79, -100],17/02/2022 20:04:07
[-65, -50, -100, -85, -100],17/02/2022 20:04:11
[-71, -53, -100, -88, -92],17/02/2022 20:04:16
[-64, -53, -78, -86, -100],17/02/2022 20:04:20
[-71, -49, -100, -86, -91],17/02/2022 20:04:24
[-64, -53, -80, -84, -91],17/02/2022 20:04:28
[-60, -49, -85, -78, -94],17/02/2022 20:04:32
[-65, -50, -100, -79, -100],17/02/2022 20:04:36
[-60, -50, -78, -86, -100],17/02/2022 20:04:41
[-71, -50, -100, -79, -100],17/02/2022 20:04:45
[-71, -50, -79, -81, -100],17/02/2022 20:04:49
[-69, -50, -78, -86, -91],17/02/2022 20:04:53
[-64, -49, -100, -80, -100],17/02/2022 20:04:57
[-61, -48, -82, -86, -100],17/02/2022 20:05:01
[-65, -49, -79, -85, -100],17/02/2022 20:05:05
[-64, -49, -79, -77, -90],17/02/2022 20:05:10
[-71, -53, -79, -79, -100],17/02/2022 20:05:14
[-60, -53, -78, -80, -90],17/02/2022 20:05:18
[-60, -53, -79, -79, -100],17/02/2022 20:05:22
[-72, -48, -82, -79, -90],17/02/2022 20:05:26
[-71, -54, -85, -88, -91],17/02/2022 20:05:30
[-64, -49, -81, -89, -100],17/02/2022 20:05:35
[-71, -49, -82, -87, -90],17/02/2022 20:05:39
[-61, -49, -81, -80, -91],17/02/2022 20:05:43
[-71, -49, -80, -79, -100],17/02/2022 20:05:47
[-64, -49, -100, -80, -93],17/02/2022 20:05:51
[-64, -53, -100, -79, -92],17/02/2022 20:05:56
[-64, -53, -80, -87, -92],17/02/2022 20:06:00
[-65, -54, -100, -79, -100],17/02/2022 20:06:04
[-64, -53, -80, -80, -100],17/02/2022 20:06:08
[-65, -49, -84, -80, -90],17/02/2022 20:06:12
[-71, -48, -100, -100, -100],17/02/2022 20:06:16
[-63, -50, -100, -89, -100],17/02/2022 20:06:20
[-61, -49, -100, -87, -91],17/02/2022 20:06:25
[-71, -49, -100, -87, -100],17/02/2022 20:06:29
[-71, -54, -80, -85, -100],17/02/2022 20:06:33
[-64, -53, -100, -80, -100],17/02/2022 20:06:37
[-61, -53, -100, -88, -90],17/02/2022 20:06:41
[-71, -49, -87, -77, -100],17/02/2022 20:06:45
[-71, -54, -79, -79, -100],17/02/2022 20:06:49
[-64, -50, -79, -77, -100],17/02/2022 20:06:54
[-71, -50, -86, -79, -95],17/02/2022 20:06:58
[-64, -49, -100, -78, -92],17/02/2022 20:07:02
[-72, -50, -100, -87, -100],17/02/2022 20:07:06
[-61, -53, -88, -86, -100],17/02/2022 20:07:11
[-71, -53, -78, -87, -92],17/02/2022 20:07:15
[-64, -53, -100, -79, -92],17/02/2022 20:07:19
[-64, -49, -87, -81, -91],17/02/2022 20:07:23
[-64, -53, -100, -79, -91],17/02/2022 20:07:27
[-61, -50, -91, -88, -100],17/02/2022 20:07:31
[-61, -50, -85, -87, -93],17/02/2022 20:07:36
[-61, -50, -81, -79, -100],17/02/2022 20:07:40
[-64, -50, -77, -79, -94],17/02/2022 20:07:44
[-71, -50, -100, -100, -92],17/02/2022 20:07:48
[-61, -49, -81, -78, -91],17/02/2022 20:07:52
[-64, -53, -85, -89, -100],17/02/2022 20:07:56
[-60, -49, -81, -79, -92],17/02/2022 20:08:00
[-61, -49, -79, -88, -100],17/02/2022 20:08:05
[-60, -50, -100, -80, -90],17/02/2022 20:08:09
[-61, -54, -78, -86, -100],17/02/2022 20:08:13
[-61, -53, -80, -81, -90],17/02/2022 20:08:17
[-70, -54, -78, -88, -89],17/02/2022 20:08:21
[-64, -53, -84, -87, -93],17/02/2022 20:08:26
[-71, -50, -100, -86, -92],17/02/2022 20:08:30
[-65, -50, -76, -79, -91],17/02/2022 20:08:34
[-60, -50, -81, -79, -100],17/02/2022 20:08:38
[-60, -50, -100, -80, -90],17/02/2022 20:08:42
[-64, -50, -81, -81, -100],17/02/2022 20:08:46
[-61, -53, -81, -80, -92],17/02/2022 20:08:51
[-64, -49, -100, -81, -92],17/02/2022 20:08:55
[-71, -49, -81, -80, -100],17/02/2022 20:08:59
[-74, -53, -100, -79, -93],17/02/2022 20:09:03
[-71, -50, -78, -80, -100],17/02/2022 20:09:07
[-60, -50, -79, -79, -100],17/02/2022 20:09:11
[-60, -51, -79, -79, -100],17/02/2022 20:09:16
[-72, -53, -100, -81, -90],17/02/2022 20:09:20
[-60, -51, -82, -86, -100],17/02/2022 20:09:24
[-64, -49, -93, -79, -92],17/02/2022 20:09:28
[-71, -54, -81, -81, -100],17/02/2022 20:09:32
[-60, -50, -80, -86, -91],17/02/2022 20:09:36
[-64, -53, -100, -87, -91],17/02/2022 20:09:41
[-64, -48, -81, -87, -100],17/02/2022 20:09:45
[-64, -51, -89, -80, -100],17/02/2022 20:09:49
[-65, -50, -100, -79, -100],17/02/2022 20:09:53
[-65, -50, -100, -80, -92],17/02/2022 20:09:57
[-61, -50, -78, -85, -89],17/02/2022 20:10:01
[-60, -49, -81, -81, -100],17/02/2022 20:10:05
[-60, -49, -100, -79, -100],17/02/2022 20:10:10
[-64, -49, -91, -87, -100],17/02/2022 20:10:14
[-71, -49, -100, -79, -100],17/02/2022 20:10:18
[-65, -49, -100, -79, -100],17/02/2022 20:10:22
[-64, -53, -100, -79, -100],17/02/2022 20:10:26
[-73, -53, -100, -87, -93],17/02/2022 20:10:30
[-71, -49, -93, -79, -100],17/02/2022 20:10:35
[-61, -53, -89, -80, -92],17/02/2022 20:10:39
[-60, -54, -100, -81, -100],17/02/2022 20:10:43
[-71, -50, -100, -81, -92],17/02/2022 20:10:47
[-61, -50, -100, -79, -92],17/02/2022 20:10:51
[-64, -53, -100, -87, -100],17/02/2022 20:10:55
[-60, -50, -100, -87, -90],17/02/2022 20:11:00
[-61, -49, -81, -86, -100],17/02/2022 20:11:04
[-64, -49, -100, -87, -100],17/02/2022 20:11:08
[-61, -49, -81, -80, -100],17/02/2022 20:11:12
[-65, -49, -100, -79, -100],17/02/2022 20:11:16
[-64, -49, -83, -87, -100],17/02/2022 20:11:20
[-72, -51, -100, -82, -92],17/02/2022 20:11:25
[-60, -50, -79, -80, -92],17/02/2022 20:11:29
[-64, -50, -81, -88, -100],17/02/2022 20:11:33
[-64, -50, -100, -87, -94],17/02/2022 20:11:37
[-64, -54, -100, -86, -100],17/02/2022 20:11:41
[-64, -49, -100, -87, -100],17/02/2022 20:11:45
[-64, -49, -79, -86, -100],17/02/2022 20:11:50
[-61, -49, -85, -80, -91],17/02/2022 20:11:54
[-64, -49, -92, -80, -90],17/02/2022 20:11:58
[-71, -53, -91, -79, -91],17/02/2022 20:12:02
[-64, -50, -81, -81, -100],17/02/2022 20:12:06
[-64, -53, -100, -79, -100],17/02/2022 20:12:10
[-60, -50, -81, -79, -100],17/02/2022 20:12:15
[-65, -53, -82, -86, -100],17/02/2022 20:12:19
[-64, -49, -100, -88, -100],17/02/2022 20:12:23
[-61, -49, -91, -86, -90],17/02/2022 20:12:27
[-71, -50, -90, -80, -91],17/02/2022 20:12:31
[-64, -48, -90, -78, -100],17/02/2022 20:12:35
[-60, -50, -79, -81, -100],17/02/2022 20:12:39
[-61, -53, -78, -80, -89],17/02/2022 20:12:44
[-65, -53, -100, -79, -90],17/02/2022 20:12:48
[-65, -53, -100, -79, -100],17/02/2022 20:12:52
[-61, -49, -79, -79, -91],17/02/2022 20:12:56
[-71, -50, -81, -89, -100],17/02/2022 20:13:00
[-71, -49, -100, -79, -100],17/02/2022 20:13:04
[-64, -49, -92, -78, -93],17/02/2022 20:13:09
[-60, -49, -80, -86, -100],17/02/2022 20:13:13
[-60, -50, -81, -80, -88],17/02/2022 20:13:17
[-65, -53, -100, -80, -100],17/02/2022 20:13:21
[-64, -53, -83, -80, -100],17/02/2022 20:13:25
[-60, -49, -100, -78, -89],17/02/2022 20:13:30
[-60, -53, -81, -80, -100],17/02/2022 20:13:34
[-60, -49, -81, -79, -100],17/02/2022 20:13:38
[-64, -51, -100, -79, -100],17/02/2022 20:13:42
[-71, -50, -100, -80, -100],17/02/2022 20:13:46
[-71, -50, -82, -87, -90],17/02/2022 20:13:50
[-61, -50, -83, -86, -89],17/02/2022 20:13:54
[-61, -49, -80, -80, -91],17/02/2022 20:13:59
[-64, -49, -100, -87, -100],17/02/2022 20:14:03
[-71, -49, -80, -81, -100],17/02/2022 20:14:07
[-70, -49, -80, -88, -94],17/02/2022 20:14:11
[-71, -49, -81, -78, -100],17/02/2022 20:14:15
[-64, -50, -100, -80, -93],17/02/2022 20:14:20
[-72, -53, -100, -79, -91],17/02/2022 20:14:24
[-61, -53, -100, -81, -89],17/02/2022 20:14:28
[-64, -53, -100, -79, -100],17/02/2022 20:14:32
[-64, -53, -100, -80, -100],17/02/2022 20:14:36
[-64, -50, -84, -78, -100],17/02/2022 20:14:40
[-60, -50, -81, -79, -100],17/02/2022 20:14:44
[-60, -50, -81, -79, -100],17/02/2022 20:14:49
[-64, -51, -80, -88, -90],17/02/2022 20:14:53
[-61, -49, -100, -86, -92],17/02/2022 20:14:57
[-60, -49, -87, -80, -93],17/02/2022 20:15:01
[-61, -53, -100, -77, -90],17/02/2022 20:15:05
[-71, -49, -88, -87, -100],17/02/2022 20:15:09
[-64, -49, -88, -80, -100],17/02/2022 20:15:14
[-60, -50, -100, -88, -100],17/02/2022 20:15:18
[-61, -50, -87, -80, -100],17/02/2022 20:15:22
[-65, -50, -80, -88, -100],17/02/2022 20:15:26
[-60, -53, -100, -78, -91],17/02/2022 20:15:30
[-70, -51, -82, -79, -88],17/02/2022 20:15:34
[-64, -49, -100, -88, -100],17/02/2022 20:15:39
[-60, -50, -77, -87, -100],17/02/2022 20:15:43
[-71, -50, -100, -81, -92],17/02/2022 20:15:47
[-64, -50, -78, -80, -100],17/02/2022 20:15:51
[-60, -54, -100, -86, -95],17/02/2022 20:15:55
[-60, -53, -81, -81, -100],17/02/2022 20:15:59
[-61, -53, -100, -81, -100],17/02/2022 20:16:04
[-71, -53, -79, -78, -100],17/02/2022 20:16:08
[-71, -49, -86, -79, -100],17/02/2022 20:16:12
[-64, -51, -81, -81, -88],17/02/2022 20:16:16
[-72, -50, -80, -79, -90],17/02/2022 20:16:20
[-65, -50, -79, -85, -91],17/02/2022 20:16:24
[-71, -53, -100, -79, -100],17/02/2022 20:16:29
[-64, -50, -81, -86, -100],17/02/2022 20:16:33
[-65, -49, -81, -80, -94],17/02/2022 20:16:37
[-72, -49, -79, -80, -100],17/02/2022 20:16:41
[-64, -49, -100, -78, -90],17/02/2022 20:16:45
[-61, -50, -100, -80, -92],17/02/2022 20:16:49
[-72, -53, -100, -80, -92],17/02/2022 20:16:54
[-64, -53, -79, -79, -100],17/02/2022 20:16:58
[-64, -49, -77, -80, -93],17/02/2022 20:17:02
[-71, -49, -79, -80, -100],17/02/2022 20:17:06
[-72, -53, -80, -87, -100],17/02/2022 20:17:10
[-71, -50, -100, -81, -91],17/02/2022 20:17:15
[-64, -50, -97, -86, -100],17/02/2022 20:17:19
[-60, -50, -84, -88, -100],17/02/2022 20:17:23
[-71, -53, -100, -100, -92],17/02/2022 20:17:27
[-61, -50, -84, -78, -100],17/02/2022 20:17:31
[-100, -49, -100, -86, -100],17/02/2022 20:17:36
[-61, -50, -100, -88, -100],17/02/2022 20:17:40
[-64, -49, -100, -86, -100],17/02/2022 20:17:44
[-72, -50, -81, -79, -91],17/02/2022 20:17:48
[-64, -51, -88, -86, -91],17/02/2022 20:17:52
[-64, -53, -81, -79, -100],17/02/2022 20:17:57
[-60, -50, -81, -86, -91],17/02/2022 20:18:01
[-100, -53, -79, -86, -100],17/02/2022 20:18:05
[-71, -53, -79, -80, -100],17/02/2022 20:18:09
[-61, -50, -100, -77, -100],17/02/2022 20:18:13
[-64, -50, -100, -77, -89],17/02/2022 20:18:17
[-61, -50, -79, -84, -100],17/02/2022 20:18:21
[-60, -50, -79, -84, -92],17/02/2022 20:18:26
[-64, -50, -79, -79, -100],17/02/2022 20:18:30
[-68, -52, -83, -82, -100],17/02/2022 20:18:34
[-64, -49, -80, -81, -89],17/02/2022 20:18:38
[-64, -53, -82, -89, -100],17/02/2022 20:18:42
[-70, -53, -80, -76, -89],17/02/2022 20:18:46
[-100, -50, -78, -79, -89],17/02/2022 20:18:50
[-65, -50, -78, -80, -100],17/02/2022 20:18:54
[-61, -49, -87, -80, -92],17/02/2022 20:18:59
[-62, -49, -79, -78, -100],17/02/2022 20:19:03
[-72, -49, -85, -80, -100],17/02/2022 20:19:07
[-71, -54, -78, -80, -100],17/02/2022 20:19:11
[-64, -54, -80, -84, -100],17/02/2022 20:19:15
[-61, -54, -82, -80, -93],17/02/2022 20:19:19
[-100, -53, -79, -79, -90],17/02/2022 20:19:24
[-66, -48, -100, -81, -100],17/02/2022 20:19:28
[-73, -50, -100, -80, -100],17/02/2022 20:19:36
[-64, -50, -100, -83, -100],17/02/2022 20:19:40
[-60, -51, -88, -84, -100],17/02/2022 20:19:44
[-64, -49, -100, -82, -100],17/02/2022 20:19:49
[-74, -54, -87, -83, -100],17/02/2022 20:19:53
[-62, -49, -91, -79, -100],17/02/2022 20:19:57
[-62, -53, -81, -80, -100],17/02/2022 20:20:01
[-64, -49, -78, -80, -100],17/02/2022 20:20:05
[-100, -51, -76, -79, -95],17/02/2022 20:20:10
[-70, -51, -81, -79, -96],17/02/2022 20:20:14
[-66, -54, -80, -82, -100],17/02/2022 20:20:18
[-65, -50, -100, -81, -91],17/02/2022 20:20:22
[-66, -52, -86, -80, -93],17/02/2022 20:20:26
[-61, -50, -89, -83, -91],17/02/2022 20:20:30
[-61, -49, -100, -79, -100],17/02/2022 20:20:35
[-68, -49, -86, -80, -100],17/02/2022 20:20:38
[-69, -48, -80, -80, -100],17/02/2022 20:20:43
[-71, -50, -100, -79, -100],17/02/2022 20:20:47
[-70, -50, -87, -79, -92],17/02/2022 20:20:51
[-74, -54, -87, -81, -100],17/02/2022 20:20:55
[-64, -49, -100, -83, -100],17/02/2022 20:20:59
[-64, -54, -96, -86, -91],17/02/2022 20:21:03
[-64, -49, -91, -85, -100],17/02/2022 20:21:08
[-73, -50, -80, -80, -100],17/02/2022 20:21:12
[-64, -49, -90, -81, -100],17/02/2022 20:21:16
[-64, -49, -79, -80, -91],17/02/2022 20:21:20
[-64, -49, -89, -80, -100],17/02/2022 20:21:24
[-73, -54, -100, -79, -100],17/02/2022 20:21:29
[-61, -54, -100, -80, -90],17/02/2022 20:21:33
[-61, -54, -100, -79, -100],17/02/2022 20:21:37
[-64, -49, -79, -80, -100],17/02/2022 20:21:41
[-64, -54, -100, -78, -93],17/02/2022 20:21:45
[-61, -50, -79, -79, -91],17/02/2022 20:21:49
[-64, -50, -81, -79, -100],17/02/2022 20:21:54
[-74, -48, -77, -80, -91],17/02/2022 20:21:58
[-64, -53, -100, -77, -100],17/02/2022 20:22:02
[-74, -49, -81, -82, -93],17/02/2022 20:22:06
[-64, -49, -100, -86, -91],17/02/2022 20:22:10
[-64, -51, -77, -83, -100],17/02/2022 20:22:14
[-72, -49, -100, -79, -100],17/02/2022 20:22:19
[-64, -51, -100, -80, -100],17/02/2022 20:22:23
[-61, -54, -80, -79, -100],17/02/2022 20:22:27
[-64, -54, -100, -78, -91],17/02/2022 20:22:31
[-64, -54, -83, -82, -90],17/02/2022 20:22:35
[-73, -49, -79, -82, -92],17/02/2022 20:22:39
[-65, -50, -79, -81, -100],17/02/2022 20:22:44
[-74, -50, -84, -82, -100],17/02/2022 20:22:48
[-64, -51, -100, -82, -100],17/02/2022 20:22:52
[-64, -51, -100, -80, -100],17/02/2022 20:22:56
[-61, -54, -100, -79, -100],17/02/2022 20:23:00
[-61, -49, -78, -79, -100],17/02/2022 20:23:04
[-61, -49, -100, -79, -91],17/02/2022 20:23:08
[-61, -49, -100, -82, -91],17/02/2022 20:23:13
[-64, -49, -79, -82, -100],17/02/2022 20:23:17
[-62, -49, -79, -81, -100],17/02/2022 20:23:21
[-64, -51, -78, -83, -92],17/02/2022 20:23:25
[-72, -54, -79, -81, -100],17/02/2022 20:23:29
[-61, -54, -80, -79, -91],17/02/2022 20:23:34
[-61, -54, -84, -79, -100],17/02/2022 20:23:37
[-64, -51, -79, -81, -91],17/02/2022 20:23:42
[-64, -51, -100, -81, -93],17/02/2022 20:23:46
[-73, -50, -77, -81, -100],17/02/2022 20:23:50
[-63, -54, -77, -81, -100],17/02/2022 20:23:54
[-66, -51, -85, -80, -91],17/02/2022 20:23:58
[-64, -53, -81, -82, -100],17/02/2022 20:24:03
[-62, -54, -79, -83, -100],17/02/2022 20:24:07
[-64, -53, -79, -79, -100],17/02/2022 20:24:11
[-64, -49, -77, -79, -90],17/02/2022 20:24:15
[-64, -54, -86, -82, -100],17/02/2022 20:24:19
[-64, -50, -79, -83, -100],17/02/2022 20:24:23
[-73, -50, -79, -84, -93],17/02/2022 20:24:28
[-74, -51, -76, -80, -92],17/02/2022 20:24:32
[-75, -54, -79, -80, -100],17/02/2022 20:24:36
[-61, -49, -78, -100, -100],17/02/2022 20:24:40
[-62, -49, -79, -81, -96],17/02/2022 20:24:45
[-62, -51, -79, -83, -100],17/02/2022 20:24:48
[-73, -48, -100, -79, -100],17/02/2022 20:24:53
[-61, -51, -100, -79, -90],17/02/2022 20:24:57
[-62, -53, -100, -79, -92],17/02/2022 20:25:01
[-62, -54, -77, -79, -92],17/02/2022 20:25:05
[-62, -53, -85, -82, -100],17/02/2022 20:25:09
[-65, -54, -78, -81, -90],17/02/2022 20:25:13
[-61, -54, -82, -83, -93],17/02/2022 20:25:18
[-62, -50, -100, -84, -100],17/02/2022 20:25:22
[-64, -55, -100, -78, -100],17/02/2022 20:25:26
[-64, -50, -78, -79, -100],17/02/2022 20:25:30
[-74, -54, -86, -82, -100],17/02/2022 20:25:34
[-64, -51, -79, -82, -93],17/02/2022 20:25:39
[-63, -49, -84, -81, -89],17/02/2022 20:25:43
[-65, -50, -78, -79, -100],17/02/2022 20:25:47
[-74, -49, -78, -83, -91],17/02/2022 20:25:51
[-75, -51, -78, -82, -93],17/02/2022 20:25:55
[-62, -54, -78, -82, -100],17/02/2022 20:25:59
[-62, -54, -100, -82, -100],17/02/2022 20:26:03
[-65, -54, -84, -80, -92],17/02/2022 20:26:08
[-65, -54, -80, -80, -94],17/02/2022 20:26:12
[-62, -54, -100, -79, -92],17/02/2022 20:26:16
[-64, -51, -78, -83, -92],17/02/2022 20:26:20
[-64, -51, -100, -80, -96],17/02/2022 20:26:24
[-64, -50, -83, -79, -94],17/02/2022 20:26:28
[-62, -50, -100, -79, -100],17/02/2022 20:26:33
[-62, -49, -85, -79, -93],17/02/2022 20:26:37
[-100, -49, -79, -78, -100],17/02/2022 20:26:41
[-65, -49, -88, -80, -100],17/02/2022 20:26:45
[-62, -48, -100, -84, -100],17/02/2022 20:26:49
[-61, -49, -79, -80, -91],17/02/2022 20:26:53
[-62, -50, -79, -82, -100],17/02/2022 20:26:58
[-73, -54, -79, -83, -92],17/02/2022 20:27:02
[-63, -51, -87, -79, -100],17/02/2022 20:27:06
[-76, -52, -77, -77, -91],17/02/2022 20:27:10
[-63, -50, -78, -82, -100],17/02/2022 20:27:14
[-63, -49, -100, -87, -91],17/02/2022 20:27:18
[-64, -49, -86, -81, -100],17/02/2022 20:27:23
[-62, -50, -100, -82, -92],17/02/2022 20:27:27
[-71, -49, -93, -84, -100],17/02/2022 20:27:31
[-71, -54, -80, -86, -90],17/02/2022 20:27:35
[-64, -54, -79, -85, -93],17/02/2022 20:27:39
[-63, -54, -85, -86, -90],17/02/2022 20:27:43
[-65, -54, -85, -80, -100],17/02/2022 20:27:48
[-59, -55, -83, -79, -100],17/02/2022 20:27:52
[-61, -49, -81, -80, -91],17/02/2022 20:27:56
[-66, -51, -81, -82, -100],17/02/2022 20:28:00
[-60, -48, -100, -85, -90],17/02/2022 20:28:04
[-69, -50, -79, -81, -90],17/02/2022 20:28:08
[-65, -51, -82, -81, -100],17/02/2022 20:28:12
[-64, -55, -84, -86, -100],17/02/2022 20:28:17
[-64, -54, -80, -81, -91],17/02/2022 20:28:21
[-64, -54, -83, -84, -100],17/02/2022 20:28:25
[-61, -54, -100, -86, -100],17/02/2022 20:28:29
[-64, -50, -86, -85, -90],17/02/2022 20:28:33
[-61, -51, -82, -81, -91],17/02/2022 20:28:37
[-64, -49, -100, -79, -100],17/02/2022 20:28:42
[-60, -50, -78, -81, -100],17/02/2022 20:28:46
[-64, -51, -78, -79, -88],17/02/2022 20:28:50
[-68, -54, -100, -84, -100],17/02/2022 20:28:54
[-68, -48, -79, -82, -92],17/02/2022 20:28:58
[-61, -53, -86, -80, -100],17/02/2022 20:29:02
[-64, -53, -80, -80, -100],17/02/2022 20:29:07
[-69, -54, -79, -80, -100],17/02/2022 20:29:11
[-69, -51, -78, -79, -100],17/02/2022 20:29:15
[-61, -50, -79, -81, -100],17/02/2022 20:29:19
[-61, -53, -77, -83, -89],17/02/2022 20:29:23
[-69, -51, -100, -85, -92],17/02/2022 20:29:27
[-69, -48, -100, -85, -100],17/02/2022 20:29:41
[-60, -51, -86, -80, -91],17/02/2022 20:29:44
[-61, -48, -100, -80, -93],17/02/2022 20:29:48
[-64, -49, -79, -79, -90],17/02/2022 20:29:53
[-64, -54, -86, -80, -93],17/02/2022 20:29:57
[-64, -54, -78, -85, -92],17/02/2022 20:30:01
[-61, -54, -87, -85, -91],17/02/2022 20:30:05
[-64, -54, -100, -80, -100],17/02/2022 20:30:09
[-64, -50, -84, -80, -92],17/02/2022 20:30:13
[-69, -51, -80, -86, -100],17/02/2022 20:30:17
[-64, -50, -79, -81, -100],17/02/2022 20:30:22
[-61, -50, -100, -81, -100],17/02/2022 20:30:26
[-64, -48, -78, -80, -92],17/02/2022 20:30:30
[-70, -48, -78, -86, -100],17/02/2022 20:30:34
[-69, -48, -100, -81, -100],17/02/2022 20:30:38
[-64, -48, -79, -86, -91],17/02/2022 20:30:43
[-63, -48, -78, -85, -100],17/02/2022 20:30:47
[-64, -47, -85, -85, -90],17/02/2022 20:30:51
[-64, -54, -79, -80, -91],17/02/2022 20:30:55
[-64, -53, -100, -82, -100],17/02/2022 20:30:59
[-61, -53, -81, -80, -91],17/02/2022 20:31:03
[-64, -53, -84, -80, -100],17/02/2022 20:31:07
[-61, -48, -100, -84, -100],17/02/2022 20:31:12
[-61, -49, -77, -78, -100],17/02/2022 20:31:16
[-71, -50, -85, -83, -100],17/02/2022 20:31:20
[-64, -50, -81, -83, -92],17/02/2022 20:31:24
[-70, -53, -88, -85, -100],17/02/2022 20:31:28
[-61, -53, -79, -84, -100],17/02/2022 20:31:32
[-61, -54, -100, -83, -91],17/02/2022 20:31:37
[-62, -53, -85, -82, -92],17/02/2022 20:31:41
[-69, -54, -82, -81, -100],17/02/2022 20:31:45
[-65, -54, -82, -82, -90],17/02/2022 20:31:49
[-69, -50, -100, -79, -92],17/02/2022 20:31:53
[-62, -51, -80, -80, -100],17/02/2022 20:31:57
[-69, -51, -87, -82, -90],17/02/2022 20:32:02
[-64, -50, -85, -85, -100],17/02/2022 20:32:06
[-70, -54, -100, -80, -100],17/02/2022 20:32:10
[-62, -54, -100, -80, -100],17/02/2022 20:32:14
[-62, -53, -80, -84, -100],17/02/2022 20:32:18
[-62, -49, -77, -83, -100],17/02/2022 20:32:22
[-62, -50, -100, -84, -100],17/02/2022 20:32:27
[-69, -51, -83, -84, -100],17/02/2022 20:32:31
[-64, -54, -85, -84, -91],17/02/2022 20:32:35
[-69, -50, -100, -80, -100],17/02/2022 20:32:39
[-62, -54, -100, -83, -93],17/02/2022 20:32:43
[-64, -48, -84, -80, -90],17/02/2022 20:32:47
[-69, -48, -82, -80, -100],17/02/2022 20:32:52
[-62, -49, -79, -81, -100],17/02/2022 20:32:56
[-64, -48, -84, -83, -91],17/02/2022 20:33:00
[-64, -49, -80, -85, -100],17/02/2022 20:33:04
[-64, -54, -100, -84, -89],17/02/2022 20:33:08
[-64, -54, -78, -83, -100],17/02/2022 20:33:12
[-64, -48, -78, -81, -91],17/02/2022 20:33:17
[-64, -54, -100, -82, -100],17/02/2022 20:33:21
[-62, -48, -84, -81, -89],17/02/2022 20:33:25
[-64, -48, -100, -81, -92],17/02/2022 20:33:29
[-63, -48, -86, -81, -91],17/02/2022 20:33:33
[-64, -48, -100, -82, -91],17/02/2022 20:33:37
[-62, -50, -79, -83, -100],17/02/2022 20:33:41
[-61, -54, -86, -81, -91],17/02/2022 20:33:46
[-64, -54, -100, -82, -91],17/02/2022 20:33:50
[-64, -48, -82, -80, -100],17/02/2022 20:33:54
[-69, -54, -77, -81, -91],17/02/2022 20:33:58
[-64, -54, -78, -82, -93],17/02/2022 20:34:02
[-63, -51, -77, -82, -100],17/02/2022 20:34:07
[-64, -51, -79, -80, -100],17/02/2022 20:34:11
[-70, -51, -79, -79, -100],17/02/2022 20:34:15
[-64, -55, -85, -80, -100],17/02/2022 20:34:19
[-64, -48, -85, -79, -96],17/02/2022 20:34:23
[-64, -48, -79, -81, -100],17/02/2022 20:34:27
[-70, -51, -86, -79, -94],17/02/2022 20:34:32
[-61, -50, -79, -79, -91],17/02/2022 20:34:36
[-63, -50, -91, -81, -100],17/02/2022 20:34:40
[-62, -54, -87, -82, -100],17/02/2022 20:34:44
[-64, -54, -85, -83, -90],17/02/2022 20:34:48
[-62, -54, -100, -80, -90],17/02/2022 20:34:52
[-63, -54, -79, -80, -91],17/02/2022 20:34:56
[-74, -53, -78, -80, -100],17/02/2022 20:35:01
[-64, -50, -83, -82, -100],17/02/2022 20:35:05
[-65, -50, -79, -81, -100],17/02/2022 20:35:09
[-64, -50, -78, -83, -100],17/02/2022 20:35:13
[-62, -53, -100, -84, -89],17/02/2022 20:35:17
[-64, -53, -100, -81, -91],17/02/2022 20:35:22
[-65, -49, -100, -84, -90],17/02/2022 20:35:26
[-75, -53, -100, -78, -100],17/02/2022 20:35:30
[-62, -49, -86, -80, -100],17/02/2022 20:35:34
[-65, -53, -78, -82, -100],17/02/2022 20:35:38
[-100, -50, -100, -78, -100],17/02/2022 20:35:42
[-61, -51, -79, -81, -100],17/02/2022 20:35:46
[-73, -50, -100, -83, -91],17/02/2022 20:35:51
[-65, -51, -100, -83, -100],17/02/2022 20:35:55
[-71, -50, -85, -84, -100],17/02/2022 20:35:59
[-61, -49, -79, -84, -100],17/02/2022 20:36:03
[-71, -49, -79, -79, -89],17/02/2022 20:36:07
[-71, -49, -100, -78, -91],17/02/2022 20:36:12
[-70, -49, -79, -81, -100],17/02/2022 20:36:16
[-72, -51, -78, -80, -100],17/02/2022 20:36:20
[-70, -54, -79, -82, -100],17/02/2022 20:36:24
[-60, -54, -100, -78, -100],17/02/2022 20:36:28
[-73, -54, -79, -82, -91],17/02/2022 20:36:32
[-61, -51, -85, -80, -100],17/02/2022 20:36:36
[-62, -49, -81, -78, -100],17/02/2022 20:36:41
[-64, -49, -84, -79, -90],17/02/2022 20:36:45
[-61, -49, -85, -79, -93],17/02/2022 20:36:49
[-64, -49, -81, -80, -91],17/02/2022 20:36:53
[-60, -49, -84, -79, -100],17/02/2022 20:36:57
[-61, -54, -86, -80, -93],17/02/2022 20:37:01
[-60, -54, -81, -80, -100],17/02/2022 20:37:06
[-70, -54, -100, -77, -100],17/02/2022 20:37:10
[-61, -54, -79, -79, -90],17/02/2022 20:37:14
[-61, -49, -84, -79, -100],17/02/2022 20:37:18
[-63, -51, -100, -78, -100],17/02/2022 20:37:22
[-62, -49, -76, -77, -100],17/02/2022 20:37:26
[-64, -51, -79, -79, -100],17/02/2022 20:37:31
[-64, -49, -84, -81, -100],17/02/2022 20:37:35
[-61, -54, -77, -79, -100],17/02/2022 20:37:39
[-72, -53, -79, -80, -100],17/02/2022 20:37:43
[-64, -49, -100, -79, -90],17/02/2022 20:37:47
[-64, -53, -84, -80, -100],17/02/2022 20:37:52
[-64, -48, -88, -82, -90],17/02/2022 20:37:56
[-61, -51, -79, -80, -91],17/02/2022 20:38:00
[-70, -51, -81, -80, -92],17/02/2022 20:38:04
[-71, -51, -78, -81, -100],17/02/2022 20:38:08
[-64, -51, -100, -81, -92],17/02/2022 20:38:12
[-70, -49, -78, -81, -100],17/02/2022 20:38:17
[-64, -49, -100, -83, -92],17/02/2022 20:38:21
[-64, -48, -79, -81, -100],17/02/2022 20:38:25
[-61, -49, -82, -79, -90],17/02/2022 20:38:29
[-64, -48, -78, -80, -92],17/02/2022 20:38:33
[-61, -51, -85, -79, -91],17/02/2022 20:38:37
[-61, -51, -80, -80, -100],17/02/2022 20:38:41
[-61, -53, -78, -81, -90],17/02/2022 20:38:46
[-70, -51, -78, -82, -100],17/02/2022 20:38:50
[-60, -54, -79, -80, -91],17/02/2022 20:38:54
[-62, -48, -100, -83, -88],17/02/2022 20:38:58
[-61, -49, -82, -81, -100],17/02/2022 20:39:02
[-64, -51, -100, -80, -90],17/02/2022 20:39:06
[-71, -49, -100, -80, -89],17/02/2022 20:39:10
[-63, -53, -86, -81, -92],17/02/2022 20:39:15
[-61, -53, -100, -81, -100],17/02/2022 20:39:19
[-64, -49, -80, -80, -95],17/02/2022 20:39:23
[-63, -54, -78, -81, -100],17/02/2022 20:39:27
[-70, -53, -83, -81, -92],17/02/2022 20:39:31
[-71, -51, -79, -81, -93],17/02/2022 20:39:36
[-61, -51, -86, -79, -91],17/02/2022 20:39:40
[-63, -53, -100, -79, -90],17/02/2022 20:39:44
[-61, -54, -100, -81, -100],17/02/2022 20:39:48
[-63, -54, -97, -81, -100],17/02/2022 20:39:52
[-71, -48, -80, -80, -100],17/02/2022 20:39:56
[-61, -48, -78, -81, -90],17/02/2022 20:40:01
[-64, -49, -100, -79, -100],17/02/2022 20:40:05
[-61, -49, -78, -80, -100],17/02/2022 20:40:09
[-61, -54, -100, -77, -88],17/02/2022 20:40:13
[-63, -53, -79, -79, -100],17/02/2022 20:40:17
[-61, -53, -85, -80, -90],17/02/2022 20:40:21
[-70, -53, -87, -82, -100],17/02/2022 20:40:25
[-63, -53, -78, -81, -90],17/02/2022 20:40:30
[-71, -48, -82, -79, -100],17/02/2022 20:40:34
[-61, -49, -80, -81, -89],17/02/2022 20:40:38
[-71, -49, -87, -79, -92],17/02/2022 20:40:42
[-63, -49, -100, -79, -89],17/02/2022 20:40:46
[-63, -51, -79, -80, -89],17/02/2022 20:40:50
[-63, -53, -78, -80, -100],17/02/2022 20:40:55
[-61, -54, -78, -81, -95],17/02/2022 20:40:59
[-63, -53, -78, -79, -100],17/02/2022 20:41:03
[-61, -53, -83, -81, -90],17/02/2022 20:41:07
[-63, -51, -84, -81, -100],17/02/2022 20:41:11
[-61, -50, -79, -81, -91],17/02/2022 20:41:15
[-71, -51, -76, -81, -93],17/02/2022 20:41:20
[-100, -51, -78, -80, -91],17/02/2022 20:41:24
[-71, -51, -77, -81, -100],17/02/2022 20:41:28
[-64, -54, -80, -79, -93],17/02/2022 20:41:32
[-71, -49, -100, -81, -100],17/02/2022 20:41:36
[-70, -54, -79, -81, -89],17/02/2022 20:41:40
[-61, -49, -78, -81, -90],17/02/2022 20:41:45
[-61, -49, -82, -79, -100],17/02/2022 20:41:49
[-61, -51, -78, -79, -100],17/02/2022 20:41:53
[-64, -53, -84, -82, -100],17/02/2022 20:41:57
[-69, -51, -83, -80, -94],17/02/2022 20:42:01
[-70, -54, -83, -79, -91],17/02/2022 20:42:05
[-65, -49, -82, -81, -91],17/02/2022 20:42:10
[-61, -49, -82, -80, -90],17/02/2022 20:42:14
[-63, -51, -79, -81, -91],17/02/2022 20:42:18
[-65, -51, -80, -80, -100],17/02/2022 20:42:22
[-61, -51, -78, -81, -92],17/02/2022 20:42:26
[-62, -54, -78, -81, -89],17/02/2022 20:42:30
[-62, -54, -79, -81, -89],17/02/2022 20:42:35
[-70, -53, -78, -79, -90],17/02/2022 20:42:39
[-70, -54, -83, -80, -100],17/02/2022 20:42:43
[-64, -53, -83, -82, -92],17/02/2022 20:42:47
[-64, -48, -77, -82, -100],17/02/2022 20:42:51
[-61, -51, -76, -81, -100],17/02/2022 20:42:55
[-63, -49, -77, -78, -100],17/02/2022 20:42:59
[-74, -51, -83, -85, -100],17/02/2022 20:43:04
[-62, -55, -100, -80, -90],17/02/2022 20:43:08
[-61, -54, -100, -78, -100],17/02/2022 20:43:12
[-64, -49, -87, -75, -90],17/02/2022 20:43:16
[-71, -54, -76, -85, -100],17/02/2022 20:43:20
[-64, -54, -84, -79, -100],17/02/2022 20:43:25
[-64, -51, -89, -85, -100],17/02/2022 20:43:29
[-64, -51, -80, -80, -92],17/02/2022 20:43:33
[-71, -50, -81, -84, -94],17/02/2022 20:43:37
[-71, -51, -100, -84, -100],17/02/2022 20:43:41
[-61, -50, -100, -80, -100],17/02/2022 20:43:45
[-61, -48, -89, -85, -100],17/02/2022 20:43:50
[-61, -48, -84, -81, -91],17/02/2022 20:43:54
[-64, -48, -89, -81, -100],17/02/2022 20:43:58
[-63, -49, -100, -83, -100],17/02/2022 20:44:02
[-64, -54, -78, -84, -93],17/02/2022 20:44:06
[-60, -54, -100, -78, -100],17/02/2022 20:44:10
[-64, -48, -88, -78, -100],17/02/2022 20:44:15
[-62, -48, -77, -79, -100],17/02/2022 20:44:19
[-60, -52, -79, -78, -100],17/02/2022 20:44:23
[-68, -51, -100, -75, -95],17/02/2022 20:44:27
[-61, -50, -81, -81, -90],17/02/2022 20:44:31
[-70, -50, -77, -79, -91],17/02/2022 20:44:35
[-61, -51, -77, -83, -100],17/02/2022 20:44:40
[-64, -51, -78, -83, -100],17/02/2022 20:44:44
[-70, -48, -79, -87, -100],17/02/2022 20:44:48
[-70, -49, -100, -83, -100],17/02/2022 20:44:52
[-70, -49, -85, -81, -92],17/02/2022 20:44:56
[-64, -49, -79, -81, -100],17/02/2022 20:45:00
[-61, -51, -100, -80, -100],17/02/2022 20:45:05
[-70, -51, -100, -79, -91],17/02/2022 20:45:09
[-60, -51, -100, -82, -94],17/02/2022 20:45:13
[-70, -53, -91, -83, -100],17/02/2022 20:45:17
[-70, -53, -100, -84, -100],17/02/2022 20:45:21
[-64, -49, -92, -83, -100],17/02/2022 20:45:26
[-61, -49, -80, -84, -100],17/02/2022 20:45:30
[-70, -49, -80, -79, -95],17/02/2022 20:45:34
[-61, -50, -100, -81, -100],17/02/2022 20:45:38
[-61, -49, -100, -80, -100],17/02/2022 20:45:42
[-69, -53, -100, -79, -100],17/02/2022 20:45:46
[-64, -49, -82, -78, -100],17/02/2022 20:45:50
[-70, -49, -79, -84, -100],17/02/2022 20:45:55
[-70, -49, -87, -84, -100],17/02/2022 20:45:59
[-64, -51, -80, -84, -100],17/02/2022 20:46:03
[-64, -51, -75, -79, -100],17/02/2022 20:46:07
[-64, -50, -76, -83, -100],17/02/2022 20:46:11
[-61, -51, -81, -100, -100],17/02/2022 20:46:15
[-69, -50, -79, -82, -100],17/02/2022 20:46:19
[-61, -53, -80, -81, -94],17/02/2022 20:46:24
[-64, -53, -81, -83, -100],17/02/2022 20:46:28
[-70, -49, -100, -81, -100],17/02/2022 20:46:32
[-69, -53, -80, -80, -100],17/02/2022 20:46:36
[-61, -49, -78, -80, -100],17/02/2022 20:46:40
[-64, -51, -90, -81, -100],17/02/2022 20:46:45
[-61, -51, -75, -82, -100],17/02/2022 20:46:49
[-61, -51, -100, -82, -92],17/02/2022 20:46:53
[-70, -51, -100, -83, -100],17/02/2022 20:46:57
[-64, -48, -78, -82, -93],17/02/2022 20:47:01
[-69, -53, -100, -83, -91],17/02/2022 20:47:05
[-64, -49, -79, -83, -92],17/02/2022 20:47:09
[-64, -53, -100, -81, -100],17/02/2022 20:47:14
[-70, -53, -76, -80, -100],17/02/2022 20:47:18
[-64, -50, -88, -80, -100],17/02/2022 20:47:22
[-70, -50, -100, -81, -100],17/02/2022 20:47:26
[-69, -51, -80, -83, -100],17/02/2022 20:47:30
[-70, -51, -100, -78, -100],17/02/2022 20:47:34
[-64, -51, -85, -80, -90],17/02/2022 20:47:39
[-61, -48, -83, -83, -93],17/02/2022 20:47:43
[-64, -49, -79, -83, -90],17/02/2022 20:47:47
[-61, -48, -80, -80, -91],17/02/2022 20:47:51
[-64, -48, -100, -82, -100],17/02/2022 20:47:55
[-61, -53, -100, -80, -100],17/02/2022 20:47:59
[-61, -51, -100, -80, -100],17/02/2022 20:48:04
[-70, -53, -100, -80, -100],17/02/2022 20:48:08
[-68, -50, -100, -83, -100],17/02/2022 20:48:12
[-61, -53, -100, -79, -100],17/02/2022 20:48:16
[-70, -49, -100, -82, -100],17/02/2022 20:48:20
[-64, -49, -78, -84, -100],17/02/2022 20:48:25
[-63, -50, -81, -80, -100],17/02/2022 20:48:29
[-61, -49, -100, -79, -100],17/02/2022 20:48:33
[-63, -51, -81, -82, -94],17/02/2022 20:48:37
[-64, -52, -100, -80, -100],17/02/2022 20:48:41
[-61, -53, -100, -79, -100],17/02/2022 20:48:45
[-64, -48, -80, -82, -100],17/02/2022 20:48:49
[-64, -49, -100, -83, -100],17/02/2022 20:48:53
[-64, -51, -78, -83, -100],17/02/2022 20:48:58
[-64, -50, -100, -84, -100],17/02/2022 20:49:02
[-64, -50, -80, -85, -100],17/02/2022 20:49:06
[-60, -51, -100, -82, -91],17/02/2022 20:49:10
[-61, -51, -83, -80, -90],17/02/2022 20:49:14
[-64, -49, -83, -80, -90],17/02/2022 20:49:19
[-64, -48, -82, -79, -100],17/02/2022 20:49:23
[-64, -51, -100, -84, -89],17/02/2022 20:49:27
[-64, -48, -89, -83, -92],17/02/2022 20:49:31
[-61, -48, -100, -80, -100],17/02/2022 20:49:35
[-63, -53, -100, -82, -101],17/02/2022 20:49:40
[-65, -53, -100, -81, -90],17/02/2022 20:49:44
[-63, -55, -88, -82, -94],17/02/2022 20:49:48
[-68, -54, -100, -77, -100],17/02/2022 20:49:52
[-70, -52, -78, -76, -100],17/02/2022 20:49:56
[-69, -51, -100, -84, -100],17/02/2022 20:50:00
[-62, -52, -78, -75, -100],17/02/2022 20:50:04
[-63, -53, -79, -84, -100],17/02/2022 20:50:08
[-69, -51, -83, -81, -100],17/02/2022 20:50:13
[-61, -52, -80, -78, -100],17/02/2022 20:50:17
[-63, -51, -82, -85, -100],17/02/2022 20:50:21
[-65, -51, -81, -78, -100],17/02/2022 20:50:25
[-66, -51, -82, -83, -100],17/02/2022 20:50:29
[-62, -51, -87, -79, -100],17/02/2022 20:50:33
[-64, -53, -100, -79, -100],17/02/2022 20:50:38
[-70, -53, -100, -78, -100],17/02/2022 20:50:42
[-61, -50, -100, -81, -100],17/02/2022 20:50:46
[-70, -48, -88, -84, -100],17/02/2022 20:50:50
[-61, -54, -100, -84, -92],17/02/2022 20:50:54
[-62, -53, -100, -85, -89],17/02/2022 20:50:58
[-59, -52, -100, -83, -92],17/02/2022 20:51:03
[-64, -52, -80, -75, -100],17/02/2022 20:51:07
[-64, -52, -82, -75, -91],17/02/2022 20:51:11
[-64, -50, -83, -75, -100],17/02/2022 20:51:15
[-63, -51, -100, -75, -100],17/02/2022 20:51:19
[-60, -51, -100, -100, -87],17/02/2022 20:51:23
[-64, -50, -81, -82, -100],17/02/2022 20:51:28
[-63, -50, -100, -80, -93],17/02/2022 20:51:32
[-70, -49, -82, -81, -100],17/02/2022 20:51:36
[-71, -53, -81, -79, -100],17/02/2022 20:51:40
[-62, -49, -90, -84, -100],17/02/2022 20:51:44
[-63, -49, -82, -79, -100],17/02/2022 20:51:48
[-71, -50, -100, -82, -100],17/02/2022 20:51:53
[-71, -51, -80, -83, -90],17/02/2022 20:51:57
[-64, -49, -84, -83, -100],17/02/2022 20:52:01
[-67, -54, -80, -83, -100],17/02/2022 20:52:05
[-70, -47, -100, -82, -91],17/02/2022 20:52:09
[-62, -51, -100, -81, -91],17/02/2022 20:52:13
[-67, -50, -81, -81, -100],17/02/2022 20:52:18
[-62, -50, -100, -100, -100],17/02/2022 20:52:22
[-62, -48, -79, -81, -100],17/02/2022 20:52:26
[-63, -47, -79, -83, -100],17/02/2022 20:52:30
[-61, -54, -100, -84, -90],17/02/2022 20:52:34
[-62, -54, -80, -82, -87],17/02/2022 20:52:39
[-71, -48, -79, -81, -88],17/02/2022 20:52:42
[-62, -53, -100, -82, -100],17/02/2022 20:52:47
[-65, -49, -86, -82, -100],17/02/2022 20:52:51
[-62, -51, -77, -82, -90],17/02/2022 20:52:55
[-71, -48, -100, -79, -100],17/02/2022 20:52:59
[-63, -51, -77, -81, -88],17/02/2022 20:53:04
[-62, -51, -81, -79, -87],17/02/2022 20:53:08
[-64, -48, -79, -84, -92],17/02/2022 20:53:12
[-100, -49, -89, -80, -100],17/02/2022 20:53:16
[-70, -49, -78, -82, -100],17/02/2022 20:53:20
[-64, -49, -84, -81, -100],17/02/2022 20:53:24
[-66, -48, -79, -100, -92],17/02/2022 20:53:28
[-61, -53, -100, -83, -94],17/02/2022 20:53:33
[-64, -51, -100, -85, -100],17/02/2022 20:53:37
[-64, -54, -100, -80, -91],17/02/2022 20:53:41
[-61, -50, -82, -81, -91],17/02/2022 20:53:45
[-70, -48, -86, -79, -92],17/02/2022 20:53:49
[-61, -51, -100, -80, -91],17/02/2022 20:53:53
[-69, -50, -100, -80, -94],17/02/2022 20:53:58
[-70, -50, -83, -83, -100],17/02/2022 20:54:02
[-64, -51, -82, -84, -97],17/02/2022 20:54:06
[-61, -53, -100, -83, -100],17/02/2022 20:54:10
[-70, -53, -100, -82, -100],17/02/2022 20:54:14
[-64, -48, -84, -80, -95],17/02/2022 20:54:19
[-61, -53, -100, -81, -100],17/02/2022 20:54:23
[-64, -49, -83, -80, -100],17/02/2022 20:54:27
[-62, -50, -84, -80, -100],17/02/2022 20:54:31
[-70, -51, -83, -80, -100],17/02/2022 20:54:35
[-70, -51, -83, -83, -100],17/02/2022 20:54:39
[-64, -51, -84, -82, -100],17/02/2022 20:54:44
[-61, -49, -85, -80, -100],17/02/2022 20:54:48
[-64, -49, -85, -84, -90],17/02/2022 20:54:52
[-61, -49, -82, -84, -100],17/02/2022 20:54:56
[-64, -53, -83, -79, -100],17/02/2022 20:55:00
[-64, -51, -100, -79, -100],17/02/2022 20:55:04
[-61, -51, -87, -83, -100],17/02/2022 20:55:08
[-61, -51, -100, -79, -100],17/02/2022 20:55:12
[-61, -50, -100, -83, -89],17/02/2022 20:55:17
[-61, -51, -83, -83, -100],17/02/2022 20:55:21
[-64, -51, -82, -83, -100],17/02/2022 20:55:25
[-69, -49, -100, -83, -100],17/02/2022 20:55:29
[-64, -47, -83, -82, -100],17/02/2022 20:55:33
[-64, -49, -85, -81, -100],17/02/2022 20:55:38
[-64, -48, -100, -79, -87],17/02/2022 20:55:42
[-69, -54, -85, -79, -90],17/02/2022 20:55:46
[-64, -53, -80, -79, -100],17/02/2022 20:55:50
[-64, -53, -100, -81, -100],17/02/2022 20:55:54
[-64, -49, -80, -80, -100],17/02/2022 20:55:59
[-61, -53, -80, -82, -100],17/02/2022 20:56:02
[-70, -50, -83, -79, -100],17/02/2022 20:56:07
[-70, -50, -100, -83, -91],17/02/2022 20:56:11
[-64, -50, -82, -79, -100],17/02/2022 20:56:15
[-70, -50, -84, -78, -100],17/02/2022 20:56:19
[-71, -50, -100, -79, -100],17/02/2022 20:56:23
[-70, -49, -86, -79, -91],17/02/2022 20:56:27
[-60, -48, -100, -84, -89],17/02/2022 20:56:32
[-64, -49, -85, -79, -100],17/02/2022 20:56:36
[-64, -48, -86, -79, -100],17/02/2022 20:56:40
[-69, -51, -84, -78, -92],17/02/2022 20:56:44
[-70, -51, -100, -79, -100],17/02/2022 20:56:48
[-61, -53, -84, -79, -90],17/02/2022 20:56:52
[-72, -51, -85, -78, -100],17/02/2022 20:56:57
[-61, -48, -100, -80, -90],17/02/2022 20:57:01
[-61, -49, -100, -85, -93],17/02/2022 20:57:05
[-61, -49, -79, -83, -100],17/02/2022 20:57:09
[-64, -50, -80, -80, -100],17/02/2022 20:57:13
[-70, -51, -82, -81, -100],17/02/2022 20:57:17
[-61, -51, -100, -80, -100],17/02/2022 20:57:22
[-61, -49, -80, -79, -91],17/02/2022 20:57:26
[-64, -48, -82, -80, -90],17/02/2022 20:57:30
[-61, -53, -81, -83, -92],17/02/2022 20:57:34
[-61, -49, -87, -81, -100],17/02/2022 20:57:38
[-61, -53, -85, -80, -100],17/02/2022 20:57:42
[-61, -51, -84, -82, -100],17/02/2022 20:57:47
[-70, -53, -100, -80, -93],17/02/2022 20:57:51
[-70, -50, -84, -84, -100],17/02/2022 20:57:55
[-64, -53, -84, -78, -100],17/02/2022 20:57:59
[-69, -50, -82, -79, -95],17/02/2022 20:58:03
[-64, -48, -85, -80, -100],17/02/2022 20:58:07
[-70, -51, -100, -81, -100],17/02/2022 20:58:12
[-61, -49, -84, -81, -100],17/02/2022 20:58:16
[-64, -51, -84, -81, -100],17/02/2022 20:58:20
[-70, -53, -83, -81, -89],17/02/2022 20:58:25
[-64, -53, -81, -84, -94],17/02/2022 20:58:29
[-69, -53, -85, -85, -90],17/02/2022 20:58:33
[-61, -53, -85, -80, -91],17/02/2022 20:58:38
[-61, -50, -100, -83, -100],17/02/2022 20:58:42
[-70, -51, -80, -81, -92],17/02/2022 20:58:46
[-70, -51, -79, -83, -100],17/02/2022 20:58:50
[-61, -50, -84, -83, -100],17/02/2022 20:58:54
[-61, -53, -81, -79, -89],17/02/2022 20:58:58
[-61, -48, -81, -79, -93],17/02/2022 20:59:03
[-61, -49, -79, -83, -100],17/02/2022 20:59:07
[-71, -51, -83, -83, -100],17/02/2022 20:59:11
[-70, -49, -84, -80, -89],17/02/2022 20:59:15
[-61, -51, -82, -83, -91],17/02/2022 20:59:19
[-64, -53, -82, -82, -88],17/02/2022 20:59:23
[-70, -53, -80, -79, -92],17/02/2022 20:59:28
[-64, -48, -81, -83, -89],17/02/2022 20:59:32
[-61, -48, -80, -80, -100],17/02/2022 20:59:36
[-64, -54, -84, -82, -100],17/02/2022 20:59:40
[-61, -51, -82, -83, -92],17/02/2022 20:59:44
[-70, -53, -81, -83, -100],17/02/2022 20:59:48
[-69, -50, -82, -80, -91],17/02/2022 20:59:53
[-64, -49, -100, -79, -94],17/02/2022 20:59:57
[-64, -48, -81, -79, -93],17/02/2022 21:00:01
[-64, -48, -84, -82, -89],17/02/2022 21:00:05
[-61, -51, -81, -83, -90],17/02/2022 21:00:09
[-61, -50, -83, -79, -91],17/02/2022 21:00:13
[-70, -51, -81, -79, -100],17/02/2022 21:00:17
[-62, -53, -80, -80, -91],17/02/2022 21:00:22
[-70, -53, -100, -84, -100],17/02/2022 21:00:26
[-70, -49, -100, -80, -100],17/02/2022 21:00:30
[-61, -49, -100, -85, -92],17/02/2022 21:00:34
[-70, -51, -89, -85, -90],17/02/2022 21:00:38
[-64, -50, -100, -84, -100],17/02/2022 21:00:43
[-61, -53, -83, -79, -100],17/02/2022 21:00:47
[-61, -51, -100, -80, -91],17/02/2022 21:00:51
[-70, -53, -84, -79, -100],17/02/2022 21:00:55
[-70, -49, -100, -80, -100],17/02/2022 21:00:59
[-61, -50, -100, -84, -100],17/02/2022 21:01:03
[-61, -49, -79, -83, -100],17/02/2022 21:01:08
[-63, -49, -100, -85, -91],17/02/2022 21:01:12
[-64, -49, -100, -83, -90],17/02/2022 21:01:16
[-61, -53, -100, -83, -92],17/02/2022 21:01:20
[-69, -53, -100, -80, -100],17/02/2022 21:01:24
[-70, -53, -80, -80, -100],17/02/2022 21:01:28
[-71, -53, -86, -80, -100],17/02/2022 21:01:32
[-64, -48, -80, -80, -100],17/02/2022 21:01:37
[-61, -49, -82, -79, -100],17/02/2022 21:01:41
[-64, -49, -80, -84, -100],17/02/2022 21:01:45
[-70, -49, -82, -82, -100],17/02/2022 21:01:49