
[-71, -53, -67, -75, -82],02/03/2022 18:35:10
[-71, -53, -67, -72, -85],02/03/2022 18:35:15
[-72, -53, -67, -72, -83],02/03/2022 18:35:19
[-77, -54, -67, -86, -87],02/03/2022 18:35:24
[-71, -53, -67, -83, -87],02/03/2022 18:35:28
[-72, -58, -66, -86, -86],02/03/2022 18:35:32
[-71, -57, -66, -72, -85],02/03/2022 18:35:36
[-68, -58, -63, -72, -87],02/03/2022 18:35:40
[-68, -54, -63, -75, -82],02/03/2022 18:35:44
[-76, -53, -64, -74, -85],02/03/2022 18:35:49
[-68, -59, -64, -87, -82],02/03/2022 18:35:53
[-74, -60, -64, -88, -100],02/03/2022 18:35:57
[-69, -59, -66, -87, -82],02/03/2022 18:36:01
[-71, -58, -68, -86, -84],02/03/2022 18:36:05
[-71, -53, -67, -75, -83],02/03/2022 18:36:09
[-71, -53, -67, -74, -83],02/03/2022 18:36:14
[-71, -53, -66, -73, -83],02/03/2022 18:36:18
[-76, -54, -64, -73, -84],02/03/2022 18:36:22
[-71, -59, -64, -72, -85],02/03/2022 18:36:26
[-76, -54, -65, -71, -100],02/03/2022 18:36:30
[-77, -58, -63, -72, -85],02/03/2022 18:36:35
[-68, -54, -63, -85, -84],02/03/2022 18:36:39
[-68, -54, -63, -86, -83],02/03/2022 18:36:43
[-71, -54, -66, -75, -100],02/03/2022 18:36:47
[-68, -57, -65, -85, -85],02/03/2022 18:36:51
[-71, -58, -65, -75, -83],02/03/2022 18:36:55
[-71, -59, -67, -72, -84],02/03/2022 18:36:59
[-76, -57, -67, -72, -86],02/03/2022 18:37:04
[-76, -54, -66, -72, -82],02/03/2022 18:37:08
[-68, -53, -67, -75, -85],02/03/2022 18:37:12
[-78, -53, -67, -87, -84],02/03/2022 18:37:16
[-69, -54, -66, -86, -85],02/03/2022 18:37:20
[-68, -59, -65, -86, -85],02/03/2022 18:37:24
[-68, -57, -67, -86, -85],02/03/2022 18:37:29
[-69, -57, -65, -87, -84],02/03/2022 18:37:33
[-78, -58, -64, -72, -85],02/03/2022 18:37:37
[-69, -58, -64, -88, -85],02/03/2022 18:37:41
[-78, -58, -64, -87, -84],02/03/2022 18:37:45
[-78, -59, -65, -71, -84],02/03/2022 18:37:49
[-71, -59, -67, -74, -84],02/03/2022 18:37:54
[-68, -59, -63, -74, -83],02/03/2022 18:37:58
[-100, -59, -67, -74, -81],02/03/2022 18:38:02
[-71, -53, -67, -85, -90],02/03/2022 18:38:06
[-71, -53, -63, -75, -85],02/03/2022 18:38:10
[-72, -53, -66, -72, -83],02/03/2022 18:38:14
[-72, -54, -62, -72, -84],02/03/2022 18:38:19
[-78, -53, -64, -73, -83],02/03/2022 18:38:23
[-76, -59, -64, -72, -83],02/03/2022 18:38:27
[-77, -57, -65, -72, -86],02/03/2022 18:38:31
[-71, -59, -66, -75, -85],02/03/2022 18:38:35
[-71, -58, -67, -86, -85],02/03/2022 18:38:40
[-68, -59, -66, -74, -84],02/03/2022 18:38:44
[-71, -53, -65, -75, -81],02/03/2022 18:38:48
[-71, -53, -64, -72, -82],02/03/2022 18:38:52
[-71, -53, -64, -74, -85],02/03/2022 18:38:56
[-71, -59, -64, -72, -86],02/03/2022 18:39:00
[-71, -53, -64, -72, -84],02/03/2022 18:39:05
[-71, -54, -64, -72, -84],02/03/2022 18:39:09
[-71, -53, -69, -88, -84],02/03/2022 18:39:13
[-68, -53, -64, -88, -83],02/03/2022 18:39:17
[-68, -53, -64, -71, -85],02/03/2022 18:39:21
[-68, -58, -66, -74, -85],02/03/2022 18:39:25
[-68, -60, -66, -87, -86],02/03/2022 18:39:30
[-78, -59, -67, -72, -83],02/03/2022 18:39:34
[-77, -57, -65, -75, -83],02/03/2022 18:39:38
[-71, -60, -65, -71, -85],02/03/2022 18:39:42
[-77, -53, -64, -86, -85],02/03/2022 18:39:46
[-78, -53, -65, -88, -100],02/03/2022 18:39:50
[-68, -59, -65, -74, -83],02/03/2022 18:39:55
[-68, -53, -67, -75, -84],02/03/2022 18:39:59
[-68, -59, -67, -74, -82],02/03/2022 18:40:03
[-68, -57, -67, -74, -83],02/03/2022 18:40:07
[-68, -57, -64, -71, -83],02/03/2022 18:40:11
[-72, -60, -64, -73, -84],02/03/2022 18:40:15
[-69, -58, -67, -72, -83],02/03/2022 18:40:20
[-78, -53, -65, -72, -100],02/03/2022 18:40:24
[-70, -60, -65, -72, -84],02/03/2022 18:40:28
[-69, -53, -64, -87, -100],02/03/2022 18:40:32
[-69, -60, -66, -88, -82],02/03/2022 18:40:36
[-68, -54, -65, -75, -85],02/03/2022 18:40:40
[-68, -58, -65, -85, -83],02/03/2022 18:40:45
[-77, -54, -66, -72, -100],02/03/2022 18:40:49
[-70, -53, -66, -72, -85],02/03/2022 18:40:53
[-69, -54, -67, -73, -85],02/03/2022 18:40:57
[-71, -59, -67, -75, -83],02/03/2022 18:41:01
[-71, -58, -67, -71, -83],02/03/2022 18:41:05
[-70, -59, -67, -86, -83],02/03/2022 18:41:09
[-70, -60, -65, -85, -84],02/03/2022 18:41:14
[-70, -57, -65, -87, -83],02/03/2022 18:41:18
[-78, -54, -64, -86, -84],02/03/2022 18:41:22
[-71, -59, -67, -74, -85],02/03/2022 18:41:26
[-71, -60, -64, -88, -83],02/03/2022 18:41:30
[-71, -59, -66, -85, -84],02/03/2022 18:41:35
[-71, -54, -66, -88, -85],02/03/2022 18:41:39
[-71, -58, -67, -72, -85],02/03/2022 18:41:43
[-70, -57, -66, -75, -84],02/03/2022 18:41:47
[-79, -58, -68, -86, -85],02/03/2022 18:41:51
[-81, -58, -64, -76, -86],02/03/2022 18:41:55
[-71, -59, -63, -75, -84],02/03/2022 18:41:59
[-82, -59, -66, -75, -81],02/03/2022 18:42:04
[-71, -59, -64, -72, -84],02/03/2022 18:42:08
[-69, -57, -64, -72, -84],02/03/2022 18:42:12
[-71, -59, -63, -72, -85],02/03/2022 18:42:16
[-69, -54, -65, -88, -83],02/03/2022 18:42:20
[-70, -54, -64, -89, -86],02/03/2022 18:42:24
[-80, -54, -66, -75, -84],02/03/2022 18:42:29
[-71, -57, -67, -75, -85],02/03/2022 18:42:33
[-71, -53, -66, -75, -84],02/03/2022 18:42:37
[-70, -58, -66, -73, -85],02/03/2022 18:42:41
[-71, -59, -65, -75, -84],02/03/2022 18:42:45
[-68, -58, -64, -72, -85],02/03/2022 18:42:50
[-69, -59, -65, -72, -85],02/03/2022 18:42:54
[-71, -53, -66, -85, -100],02/03/2022 18:42:58
[-82, -59, -65, -73, -85],02/03/2022 18:43:02
[-69, -59, -66, -74, -100],02/03/2022 18:43:06
[-71, -59, -66, -74, -86],02/03/2022 18:43:10
[-71, -59, -65, -75, -100],02/03/2022 18:43:15
[-68, -54, -67, -75, -100],02/03/2022 18:43:19
[-71, -53, -64, -86, -85],02/03/2022 18:43:23
[-69, -54, -65, -87, -82],02/03/2022 18:43:27
[-81, -53, -65, -86, -84],02/03/2022 18:43:31
[-79, -53, -63, -87, -100],02/03/2022 18:43:35
[-80, -58, -64, -72, -100],02/03/2022 18:43:40
[-80, -58, -65, -75, -83],02/03/2022 18:43:44
[-69, -58, -65, -72, -84],02/03/2022 18:43:48
[-71, -58, -64, -71, -82],02/03/2022 18:43:52
[-71, -59, -65, -71, -83],02/03/2022 18:43:56
[-68, -59, -65, -88, -83],02/03/2022 18:44:00
[-70, -53, -66, -88, -85],02/03/2022 18:44:04
[-68, -59, -66, -87, -83],02/03/2022 18:44:09
[-79, -53, -66, -89, -85],02/03/2022 18:44:13
[-69, -54, -67, -87, -83],02/03/2022 18:44:17
[-69, -53, -64, -72, -83],02/03/2022 18:44:21
[-71, -57, -65, -72, -83],02/03/2022 18:44:25
[-70, -53, -64, -72, -83],02/03/2022 18:44:30
[-71, -57, -64, -86, -100],02/03/2022 18:44:34
[-71, -59, -64, -72, -83],02/03/2022 18:44:38
[-71, -59, -64, -87, -85],02/03/2022 18:44:42
[-79, -58, -66, -74, -100],02/03/2022 18:44:46
[-77, -60, -61, -72, -84],02/03/2022 18:44:50
[-69, -53, -64, -86, -82],02/03/2022 18:44:54
[-68, -59, -64, -75, -85],02/03/2022 18:44:59
[-79, -54, -67, -72, -86],02/03/2022 18:45:03
[-71, -53, -64, -74, -83],02/03/2022 18:45:07
[-71, -54, -64, -75, -86],02/03/2022 18:45:11
[-71, -58, -65, -75, -83],02/03/2022 18:45:15
[-70, -58, -66, -88, -85],02/03/2022 18:45:20
[-77, -57, -64, -72, -84],02/03/2022 18:45:24
[-73, -57, -64, -88, -83],02/03/2022 18:45:28
[-73, -57, -63, -88, -100],02/03/2022 18:45:32
[-76, -59, -65, -72, -86],02/03/2022 18:45:36
[-77, -60, -64, -72, -84],02/03/2022 18:45:40
[-70, -58, -66, -73, -84],02/03/2022 18:45:45
[-71, -57, -64, -89, -84],02/03/2022 18:45:49
[-69, -53, -64, -74, -85],02/03/2022 18:45:53
[-70, -59, -64, -88, -84],02/03/2022 18:45:57
[-75, -58, -61, -87, -83],02/03/2022 18:46:01
[-71, -59, -65, -86, -84],02/03/2022 18:46:05
[-71, -61, -65, -90, -82],02/03/2022 18:46:09
[-72, -57, -64, -86, -84],02/03/2022 18:46:15
[-72, -54, -64, -74, -86],02/03/2022 18:46:19
[-78, -58, -65, -73, -88],02/03/2022 18:46:23
[-69, -53, -65, -88, -85],02/03/2022 18:46:27
[-78, -54, -64, -74, -83],02/03/2022 18:46:31
[-78, -58, -64, -91, -84],02/03/2022 18:46:36
[-78, -59, -64, -72, -83],02/03/2022 18:46:40
[-72, -58, -66, -93, -82],02/03/2022 18:46:44
[-70, -57, -67, -87, -84],02/03/2022 18:46:48
[-100, -59, -65, -88, -85],02/03/2022 18:46:52
[-78, -60, -67, -72, -83],02/03/2022 18:46:56
[-75, -54, -65, -72, -100],02/03/2022 18:47:01
[-70, -60, -65, -74, -100],02/03/2022 18:47:05
[-70, -59, -64, -75, -100],02/03/2022 18:47:09
[-72, -58, -67, -74, -84],02/03/2022 18:47:13
[-69, -53, -65, -72, -85],02/03/2022 18:47:17
[-69, -53, -65, -90, -82],02/03/2022 18:47:21
[-72, -54, -65, -90, -86],02/03/2022 18:47:25
[-72, -54, -64, -90, -86],02/03/2022 18:47:29
[-72, -58, -63, -71, -82],02/03/2022 18:47:34
[-72, -59, -65, -72, -83],02/03/2022 18:47:38
[-67, -57, -66, -71, -82],02/03/2022 18:47:42
[-72, -59, -66, -74, -82],02/03/2022 18:47:46
[-81, -54, -67, -71, -84],02/03/2022 18:47:50
[-84, -54, -67, -87, -83],02/03/2022 18:47:54
[-68, -54, -63, -85, -83],02/03/2022 18:47:58
[-72, -54, -64, -87, -86],02/03/2022 18:48:03
[-72, -54, -65, -74, -85],02/03/2022 18:48:07
[-69, -58, -65, -86, -85],02/03/2022 18:48:11
[-72, -55, -64, -74, -100],02/03/2022 18:48:15
[-69, -53, -66, -72, -81],02/03/2022 18:48:19
[-73, -57, -64, -71, -85],02/03/2022 18:48:23
[-80, -58, -64, -72, -82],02/03/2022 18:48:28
[-83, -58, -66, -72, -85],02/03/2022 18:48:32
[-72, -59, -66, -85, -84],02/03/2022 18:48:36
[-68, -59, -62, -73, -100],02/03/2022 18:48:40
[-68, -59, -64, -75, -83],02/03/2022 18:48:44
[-69, -53, -66, -73, -85],02/03/2022 18:48:48
[-69, -59, -65, -71, -84],02/03/2022 18:48:52
[-69, -54, -64, -71, -84],02/03/2022 18:48:57
[-73, -59, -67, -71, -87],02/03/2022 18:49:01
[-73, -58, -68, -88, -86],02/03/2022 18:49:05
[-73, -58, -66, -72, -100],02/03/2022 18:49:09
[-81, -54, -66, -74, -84],02/03/2022 18:49:13
[-69, -56, -64, -87, -83],02/03/2022 18:49:17
[-73, -54, -65, -75, -84],02/03/2022 18:49:21
[-69, -54, -64, -75, -84],02/03/2022 18:49:26
[-69, -58, -66, -72, -100],02/03/2022 18:49:30
[-81, -59, -67, -72, -86],02/03/2022 18:49:34
[-73, -58, -64, -71, -83],02/03/2022 18:49:38
[-73, -58, -65, -71, -100],02/03/2022 18:49:42
[-73, -59, -65, -71, -100],02/03/2022 18:49:47
[-73, -59, -66, -84, -100],02/03/2022 18:49:50
[-70, -59, -65, -87, -83],02/03/2022 18:49:54
[-73, -59, -65, -74, -83],02/03/2022 18:49:59
[-77, -60, -66, -86, -100],02/03/2022 18:50:03
[-76, -54, -67, -73, -100],02/03/2022 18:50:07
[-73, -54, -67, -86, -83],02/03/2022 18:50:11
[-69, -54, -65, -88, -86],02/03/2022 18:50:15
[-73, -59, -66, -87, -83],02/03/2022 18:50:20
[-69, -54, -64, -74, -84],02/03/2022 18:50:24
[-68, -58, -64, -74, -82],02/03/2022 18:50:28
[-77, -58, -65, -73, -100],02/03/2022 18:50:32
[-73, -56, -63, -72, -84],02/03/2022 18:50:36
[-73, -54, -67, -75, -83],02/03/2022 18:50:40
[-68, -58, -63, -87, -82],02/03/2022 18:50:45
[-72, -58, -66, -86, -100],02/03/2022 18:50:49
[-73, -58, -64, -71, -100],02/03/2022 18:50:53
[-76, -58, -67, -86, -83],02/03/2022 18:50:57
[-68, -60, -64, -72, -100],02/03/2022 18:51:01
[-78, -54, -66, -86, -100],02/03/2022 18:51:05
[-73, -59, -66, -100, -100],02/03/2022 18:51:10
[-73, -53, -64, -74, -85],02/03/2022 18:51:14
[-73, -58, -67, -86, -100],02/03/2022 18:51:18
[-74, -59, -63, -75, -85],02/03/2022 18:51:22
[-69, -58, -67, -86, -100],02/03/2022 18:51:26
[-73, -52, -64, -73, -100],02/03/2022 18:51:30
[-69, -57, -68, -72, -84],02/03/2022 18:51:35
[-78, -57, -66, -73, -82],02/03/2022 18:51:39
[-81, -59, -66, -72, -83],02/03/2022 18:51:43
[-76, -59, -67, -86, -82],02/03/2022 18:51:47
[-76, -60, -66, -86, -82],02/03/2022 18:51:51
[-68, -59, -63, -86, -83],02/03/2022 18:51:56
[-73, -59, -64, -75, -100],02/03/2022 18:52:00
[-73, -60, -64, -86, -85],02/03/2022 18:52:04
[-70, -54, -63, -72, -100],02/03/2022 18:52:08
[-77, -54, -64, -72, -84],02/03/2022 18:52:12
[-78, -60, -66, -72, -83],02/03/2022 18:52:16
[-79, -54, -65, -85, -82],02/03/2022 18:52:21
[-81, -57, -64, -87, -84],02/03/2022 18:52:25
[-68, -57, -66, -75, -83],02/03/2022 18:52:29
[-72, -57, -66, -86, -83],02/03/2022 18:52:33
[-68, -57, -64, -74, -100],02/03/2022 18:52:37
[-72, -60, -66, -74, -83],02/03/2022 18:52:41
[-68, -60, -66, -72, -83],02/03/2022 18:52:45
[-71, -57, -66, -72, -100],02/03/2022 18:52:50
[-71, -59, -64, -72, -84],02/03/2022 18:52:54
[-79, -59, -65, -72, -86],02/03/2022 18:52:58
[-73, -54, -64, -72, -87],02/03/2022 18:53:02
[-73, -54, -62, -74, -84],02/03/2022 18:53:06
[-69, -54, -63, -88, -85],02/03/2022 18:53:10
[-68, -54, -67, -74, -82],02/03/2022 18:53:15
[-73, -53, -65, -87, -85],02/03/2022 18:53:19
[-73, -58, -66, -73, -86],02/03/2022 18:53:23
[-72, -58, -65, -84, -82],02/03/2022 18:53:27
[-79, -57, -63, -72, -81],02/03/2022 18:53:31
[-79, -57, -62, -72, -84],02/03/2022 18:53:35
[-72, -60, -64, -74, -84],02/03/2022 18:53:40
[-72, -60, -65, -74, -81],02/03/2022 18:53:44
[-80, -59, -67, -72, -84],02/03/2022 18:53:48
[-72, -60, -65, -73, -100],02/03/2022 18:53:52
[-72, -60, -64, -72, -100],02/03/2022 18:53:56
[-69, -58, -65, -74, -100],02/03/2022 18:54:00
[-68, -54, -65, -88, -83],02/03/2022 18:54:04
[-73, -57, -63, -72, -83],02/03/2022 18:54:09
[-72, -54, -65, -76, -82],02/03/2022 18:54:13
[-78, -57, -69, -71, -87],02/03/2022 18:54:17
[-77, -58, -65, -84, -89],02/03/2022 18:54:21
[-70, -57, -65, -81, -87],02/03/2022 18:54:25
[-66, -59, -64, -81, -82],02/03/2022 18:54:30
[-100, -60, -63, -74, -100],02/03/2022 18:54:34
[-78, -53, -64, -73, -100],02/03/2022 18:54:38
[-81, -53, -62, -83, -83],02/03/2022 18:54:42
[-68, -54, -62, -85, -84],02/03/2022 18:54:46
[-69, -54, -66, -84, -83],02/03/2022 18:54:50
[-69, -54, -65, -72, -87],02/03/2022 18:54:55
[-72, -57, -67, -75, -82],02/03/2022 18:54:59
[-68, -58, -67, -75, -81],02/03/2022 18:55:03
[-77, -57, -64, -76, -82],02/03/2022 18:55:07
[-78, -57, -62, -76, -81],02/03/2022 18:55:11
[-68, -58, -63, -72, -100],02/03/2022 18:55:15
[-72, -59, -65, -84, -84],02/03/2022 18:55:20
[-68, -59, -65, -72, -82],02/03/2022 18:55:24
[-68, -59, -68, -87, -81],02/03/2022 18:55:28
[-68, -59, -63, -87, -88],02/03/2022 18:55:32
[-78, -54, -63, -88, -83],02/03/2022 18:55:37
[-68, -54, -60, -72, -87],02/03/2022 18:55:40
[-78, -54, -65, -72, -82],02/03/2022 18:55:45
[-72, -59, -65, -88, -86],02/03/2022 18:55:49
[-72, -54, -67, -75, -88],02/03/2022 18:55:53
[-71, -58, -63, -72, -81],02/03/2022 18:55:57
[-72, -58, -63, -83, -83],02/03/2022 18:56:01
[-78, -57, -67, -86, -85],02/03/2022 18:56:06
[-68, -58, -66, -71, -86],02/03/2022 18:56:10
[-78, -58, -67, -75, -82],02/03/2022 18:56:14
[-79, -59, -63, -75, -81],02/03/2022 18:56:18
[-73, -59, -61, -75, -100],02/03/2022 18:56:22
[-71, -59, -64, -74, -88],02/03/2022 18:56:26
[-72, -59, -68, -76, -82],02/03/2022 18:56:30
[-78, -58, -62, -84, -85],02/03/2022 18:56:35
[-68, -54, -70, -72, -84],02/03/2022 18:56:39
[-78, -54, -64, -72, -82],02/03/2022 18:56:43
[-78, -55, -63, -88, -82],02/03/2022 18:56:47
[-68, -54, -60, -87, -81],02/03/2022 18:56:51
[-69, -57, -66, -87, -84],02/03/2022 18:56:55
[-69, -59, -64, -74, -82],02/03/2022 18:56:59
[-72, -59, -64, -75, -85],02/03/2022 18:57:04
[-73, -60, -63, -76, -81],02/03/2022 18:57:08
[-71, -57, -64, -75, -80],02/03/2022 18:57:12
[-72, -60, -64, -73, -84],02/03/2022 18:57:16
[-72, -59, -66, -75, -85],02/03/2022 18:57:20
[-77, -58, -63, -73, -100],02/03/2022 18:57:25
[-76, -59, -66, -90, -83],02/03/2022 18:57:29
[-79, -54, -66, -83, -86],02/03/2022 18:57:33
[-72, -54, -65, -71, -83],02/03/2022 18:57:37
[-77, -54, -63, -71, -85],02/03/2022 18:57:41
[-68, -54, -68, -72, -84],02/03/2022 18:57:46
[-68, -54, -67, -75, -81],02/03/2022 18:57:50
[-68, -60, -68, -76, -84],02/03/2022 18:57:54
[-68, -58, -63, -75, -100],02/03/2022 18:57:58
[-72, -57, -64, -88, -85],02/03/2022 18:58:02
[-72, -59, -63, -88, -82],02/03/2022 18:58:06
[-79, -58, -64, -76, -82],02/03/2022 18:58:10
[-72, -60, -62, -75, -84],02/03/2022 18:58:15
[-79, -54, -64, -71, -84],02/03/2022 18:58:19
[-68, -60, -64, -75, -83],02/03/2022 18:58:23
[-68, -59, -64, -72, -82],02/03/2022 18:58:27
[-69, -54, -64, -73, -85],02/03/2022 18:58:31
[-79, -54, -63, -86, -100],02/03/2022 18:58:35
[-68, -54, -63, -86, -80],02/03/2022 18:58:40
[-71, -54, -64, -86, -85],02/03/2022 18:58:44
[-72, -53, -67, -85, -82],02/03/2022 18:58:48
[-72, -57, -66, -74, -85],02/03/2022 18:58:52
[-71, -54, -64, -72, -87],02/03/2022 18:58:56
[-79, -57, -64, -72, -83],02/03/2022 18:59:01
[-80, -54, -64, -72, -83],02/03/2022 18:59:05
[-79, -57, -64, -72, -88],02/03/2022 18:59:09
[-79, -59, -63, -85, -82],02/03/2022 18:59:13
[-69, -59, -64, -86, -87],02/03/2022 18:59:17
[-69, -57, -61, -75, -83],02/03/2022 18:59:21
[-68, -59, -63, -76, -86],02/03/2022 18:59:25
[-68, -54, -63, -75, -82],02/03/2022 18:59:30
[-71, -58, -64, -85, -84],02/03/2022 18:59:34
[-69, -54, -64, -72, -82],02/03/2022 18:59:38
[-79, -60, -65, -72, -83],02/03/2022 18:59:42
[-80, -59, -66, -71, -84],02/03/2022 18:59:46
[-72, -54, -67, -84, -85],02/03/2022 18:59:50
[-80, -54, -67, -72, -88],02/03/2022 18:59:54
[-69, -54, -61, -75, -84],02/03/2022 18:59:59
[-67, -53, -64, -76, -84],02/03/2022 19:00:03
[-69, -54, -61, -75, -85],02/03/2022 19:00:07
[-68, -57, -65, -72, -85],02/03/2022 19:00:11
[-100, -59, -63, -71, -83],02/03/2022 19:00:15
[-69, -57, -63, -71, -84],02/03/2022 19:00:20
[-68, -59, -67, -73, -85],02/03/2022 19:00:24
[-73, -54, -67, -86, -81],02/03/2022 19:00:28
[-69, -58, -67, -75, -83],02/03/2022 19:00:32
[-82, -54, -61, -75, -83],02/03/2022 19:00:36
[-72, -59, -68, -83, -83],02/03/2022 19:00:41
[-72, -54, -65, -75, -85],02/03/2022 19:00:45
[-72, -57, -64, -75, -100],02/03/2022 19:00:49
[-72, -54, -64, -85, -100],02/03/2022 19:00:53
[-72, -57, -60, -84, -85],02/03/2022 19:00:57
[-72, -54, -63, -71, -84],02/03/2022 19:01:01
[-72, -54, -63, -86, -100],02/03/2022 19:01:05
[-72, -57, -67, -76, -100],02/03/2022 19:01:10
[-80, -53, -65, -75, -82],02/03/2022 19:01:14
[-69, -57, -67, -72, -85],02/03/2022 19:01:18
[-69, -58, -67, -74, -85],02/03/2022 19:01:22
[-68, -59, -65, -72, -83],02/03/2022 19:01:26
[-68, -60, -64, -71, -85],02/03/2022 19:01:30
[-68, -59, -63, -88, -82],02/03/2022 19:01:35
[-83, -59, -64, -89, -82],02/03/2022 19:01:39
[-72, -59, -65, -87, -83],02/03/2022 19:01:43
[-71, -54, -66, -86, -82],02/03/2022 19:01:47
[-71, -54, -65, -71, -83],02/03/2022 19:01:51
[-79, -54, -63, -72, -85],02/03/2022 19:01:55
[-80, -54, -63, -72, -83],02/03/2022 19:02:00
[-79, -54, -64, -71, -85],02/03/2022 19:02:04
[-79, -58, -65, -85, -87],02/03/2022 19:02:08
[-100, -59, -62, -100, -82],02/03/2022 19:02:12
[-77, -58, -65, -89, -100],02/03/2022 19:02:16
[-72, -58, -63, -71, -100],02/03/2022 19:02:20
[-79, -59, -63, -88, -85],02/03/2022 19:02:25
[-81, -59, -66, -87, -84],02/03/2022 19:02:29
[-71, -59, -62, -87, -83],02/03/2022 19:02:33
[-68, -59, -65, -88, -82],02/03/2022 19:02:37
[-68, -59, -65, -84, -83],02/03/2022 19:02:41
[-68, -54, -64, -86, -86],02/03/2022 19:02:46
[-79, -54, -65, -72, -83],02/03/2022 19:02:50
[-80, -54, -67, -75, -100],02/03/2022 19:02:54
[-80, -54, -63, -73, -83],02/03/2022 19:02:58
[-81, -54, -61, -72, -86],02/03/2022 19:03:02
[-72, -60, -67, -87, -83],02/03/2022 19:03:06
[-72, -60, -63, -88, -83],02/03/2022 19:03:10
[-68, -57, -66, -86, -83],02/03/2022 19:03:15
[-69, -57, -66, -86, -84],02/03/2022 19:03:19
[-67, -60, -66, -75, -85],02/03/2022 19:03:23
[-67, -54, -64, -75, -84],02/03/2022 19:03:27
[-77, -54, -67, -76, -83],02/03/2022 19:03:31
[-71, -59, -64, -72, -83],02/03/2022 19:03:35
[-71, -54, -64, -74, -83],02/03/2022 19:03:40
[-71, -57, -63, -72, -83],02/03/2022 19:03:44
[-73, -54, -63, -86, -85],02/03/2022 19:03:48
[-68, -54, -63, -88, -84],02/03/2022 19:03:52
[-80, -54, -67, -75, -85],02/03/2022 19:03:56
[-81, -54, -67, -86, -85],02/03/2022 19:04:01
[-72, -59, -67, -72, -85],02/03/2022 19:04:05
[-81, -59, -63, -71, -85],02/03/2022 19:04:09
[-70, -58, -65, -85, -83],02/03/2022 19:04:13
[-72, -59, -68, -72, -83],02/03/2022 19:04:17
[-68, -53, -66, -72, -82],02/03/2022 19:04:21
[-71, -59, -64, -85, -82],02/03/2022 19:04:25
[-68, -59, -67, -75, -100],02/03/2022 19:04:30
[-72, -59, -63, -86, -83],02/03/2022 19:04:34
[-81, -59, -64, -74, -83],02/03/2022 19:04:38
[-72, -53, -67, -75, -85],02/03/2022 19:04:42
[-81, -54, -64, -75, -84],02/03/2022 19:04:46
[-69, -54, -67, -71, -84],02/03/2022 19:04:51
[-68, -54, -63, -85, -83],02/03/2022 19:04:55
[-68, -54, -67, -86, -85],02/03/2022 19:04:59
[-69, -57, -63, -76, -85],02/03/2022 19:05:03
[-69, -58, -64, -74, -85],02/03/2022 19:05:07
[-72, -57, -65, -72, -82],02/03/2022 19:05:11
[-72, -58, -65, -74, -82],02/03/2022 19:05:16
[-71, -60, -67, -72, -87],02/03/2022 19:05:20
[-78, -59, -65, -71, -86],02/03/2022 19:05:24
[-69, -60, -67, -86, -84],02/03/2022 19:05:28
[-69, -59, -63, -72, -100],02/03/2022 19:05:32
[-69, -60, -67, -86, -87],02/03/2022 19:05:36
[-69, -54, -65, -75, -82],02/03/2022 19:05:40
[-69, -55, -65, -72, -84],02/03/2022 19:05:45
[-72, -54, -66, -71, -82],02/03/2022 19:05:49
[-71, -54, -68, -85, -85],02/03/2022 19:05:53
[-72, -54, -67, -72, -84],02/03/2022 19:05:57
[-72, -58, -67, -75, -82],02/03/2022 19:06:01
[-100, -59, -67, -75, -83],02/03/2022 19:06:05
[-68, -57, -66, -86, -83],02/03/2022 19:06:10
[-72, -57, -65, -84, -83],02/03/2022 19:06:14
[-71, -59, -64, -84, -85],02/03/2022 19:06:18
[-73, -59, -65, -72, -82],02/03/2022 19:06:22
[-72, -59, -65, -73, -84],02/03/2022 19:06:26
[-79, -57, -63, -75, -88],02/03/2022 19:06:31
[-80, -59, -63, -72, -83],02/03/2022 19:06:35
[-79, -54, -66, -72, -84],02/03/2022 19:06:39
[-79, -54, -67, -85, -100],02/03/2022 19:06:43
[-69, -54, -67, -71, -84],02/03/2022 19:06:47
[-71, -53, -63, -87, -87],02/03/2022 19:06:51
[-72, -54, -65, -72, -82],02/03/2022 19:06:56
[-80, -58, -65, -76, -85],02/03/2022 19:07:00
[-72, -58, -63, -75, -85],02/03/2022 19:07:04
[-79, -58, -67, -75, -84],02/03/2022 19:07:08
[-80, -58, -59, -75, -89],02/03/2022 19:07:12
[-71, -54, -66, -75, -81],02/03/2022 19:07:16
[-71, -60, -67, -100, -83],02/03/2022 19:07:20
[-78, -53, -67, -75, -82],02/03/2022 19:07:25
[-100, -57, -64, -84, -83],02/03/2022 19:07:29
[-76, -54, -64, -75, -85],02/03/2022 19:07:33
[-78, -54, -64, -85, -85],02/03/2022 19:07:37
[-78, -54, -63, -72, -85],02/03/2022 19:07:41
[-71, -54, -66, -71, -82],02/03/2022 19:07:46
[-71, -54, -66, -72, -83],02/03/2022 19:07:50
[-70, -57, -67, -71, -83],02/03/2022 19:07:54
[-71, -58, -64, -85, -100],02/03/2022 19:07:58
[-69, -60, -67, -85, -83],02/03/2022 19:08:02
[-76, -59, -61, -85, -83],02/03/2022 19:08:06
[-78, -59, -63, -86, -83],02/03/2022 19:08:10
[-78, -54, -63, -85, -85],02/03/2022 19:08:15
[-74, -54, -65, -75, -100],02/03/2022 19:08:19
[-72, -54, -65, -76, -83],02/03/2022 19:08:23
[-75, -53, -66, -76, -85],02/03/2022 19:08:27
[-72, -54, -60, -76, -82],02/03/2022 19:08:32
[-71, -57, -66, -76, -82],02/03/2022 19:08:36
[-68, -60, -63, -87, -83],02/03/2022 19:08:40
[-76, -58, -66, -87, -83],02/03/2022 19:08:44
[-68, -60, -65, -71, -82],02/03/2022 19:08:48
[-71, -57, -61, -72, -84],02/03/2022 19:08:52
[-68, -60, -66, -88, -85],02/03/2022 19:08:56
[-76, -61, -65, -88, -100],02/03/2022 19:09:01
[-68, -61, -63, -86, -81],02/03/2022 19:09:05
[-71, -54, -66, -76, -82],02/03/2022 19:09:09
[-68, -59, -63, -87, -86],02/03/2022 19:09:13
[-69, -54, -63, -72, -86],02/03/2022 19:09:17
[-71, -54, -61, -72, -100],02/03/2022 19:09:21
[-77, -54, -65, -85, -84],02/03/2022 19:09:26
[-78, -53, -65, -71, -86],02/03/2022 19:09:30
[-77, -58, -65, -71, -100],02/03/2022 19:09:34
[-76, -60, -65, -88, -83],02/03/2022 19:09:38
[-68, -57, -63, -86, -84],02/03/2022 19:09:42
[-68, -53, -65, -87, -83],02/03/2022 19:09:46
[-79, -57, -62, -76, -84],02/03/2022 19:09:51
[-68, -60, -64, -83, -83],02/03/2022 19:09:55
[-77, -60, -65, -72, -84],02/03/2022 19:09:59
[-72, -60, -66, -84, -83],02/03/2022 19:10:03
[-71, -61, -66, -86, -82],02/03/2022 19:10:07
[-71, -54, -66, -84, -85],02/03/2022 19:10:12
[-71, -53, -66, -84, -84],02/03/2022 19:10:16
[-76, -54, -66, -74, -83],02/03/2022 19:10:20
[-77, -54, -63, -83, -86],02/03/2022 19:10:24
[-71, -54, -64, -72, -85],02/03/2022 19:10:28
[-78, -57, -60, -83, -82],02/03/2022 19:10:32
[-77, -54, -64, -72, -86],02/03/2022 19:10:37
[-70, -54, -62, -71, -84],02/03/2022 19:10:41
[-69, -54, -66, -71, -85],02/03/2022 19:10:45
[-68, -54, -62, -84, -84],02/03/2022 19:10:49
[-68, -54, -64, -74, -85],02/03/2022 19:10:53
[-68, -59, -61, -75, -84],02/03/2022 19:10:57
[-67, -57, -66, -76, -82],02/03/2022 19:11:01
[-68, -57, -66, -71, -83],02/03/2022 19:11:06
[-77, -60, -62, -72, -85],02/03/2022 19:11:10
[-68, -58, -65, -76, -84],02/03/2022 19:11:14
[-72, -60, -61, -86, -82],02/03/2022 19:11:18
[-76, -60, -65, -84, -83],02/03/2022 19:11:22
[-79, -60, -63, -85, -83],02/03/2022 19:11:26
[-68, -53, -64, -84, -81],02/03/2022 19:11:31
[-77, -54, -63, -72, -83],02/03/2022 19:11:35
[-78, -53, -61, -72, -85],02/03/2022 19:11:39
[-72, -54, -66, -75, -82],02/03/2022 19:11:48
[-72, -57, -63, -85, -84],02/03/2022 19:11:52
[-72, -58, -60, -85, -82],02/03/2022 19:11:56
[-79, -58, -66, -72, -82],02/03/2022 19:12:00
[-78, -56, -66, -85, -84],02/03/2022 19:12:04
[-78, -60, -67, -75, -83],02/03/2022 19:12:08
[-78, -61, -63, -76, -83],02/03/2022 19:12:12
[-72, -53, -65, -75, -84],02/03/2022 19:12:16
[-68, -60, -62, -72, -85],02/03/2022 19:12:21
[-69, -60, -61, -75, -84],02/03/2022 19:12:25
[-68, -54, -64, -76, -84],02/03/2022 19:12:29
[-68, -54, -62, -86, -83],02/03/2022 19:12:33
[-69, -53, -67, -76, -83],02/03/2022 19:12:37
[-78, -53, -66, -85, -83],02/03/2022 19:12:42
[-78, -54, -66, -86, -86],02/03/2022 19:12:46
[-72, -54, -66, -76, -84],02/03/2022 19:12:50
[-73, -53, -65, -84, -86],02/03/2022 19:12:54
[-69, -57, -61, -71, -83],02/03/2022 19:12:58
[-68, -57, -64, -72, -87],02/03/2022 19:13:02
[-68, -60, -64, -72, -100],02/03/2022 19:13:07
[-68, -60, -65, -86, -83],02/03/2022 19:13:11
[-69, -60, -64, -84, -85],02/03/2022 19:13:15
[-73, -60, -60, -100, -83],02/03/2022 19:13:19
[-78, -60, -63, -72, -83],02/03/2022 19:13:23
[-68, -53, -66, -72, -82],02/03/2022 19:13:28
[-78, -54, -64, -82, -86],02/03/2022 19:13:32
[-69, -53, -64, -84, -86],02/03/2022 19:13:36
[-68, -54, -67, -84, -85],02/03/2022 19:13:40
[-68, -54, -61, -84, -84],02/03/2022 19:13:44
[-79, -57, -65, -72, -84],02/03/2022 19:13:48
[-68, -56, -67, -72, -87],02/03/2022 19:13:52
[-73, -57, -62, -72, -86],02/03/2022 19:13:57
[-73, -57, -62, -73, -83],02/03/2022 19:14:01
[-71, -59, -64, -71, -86],02/03/2022 19:14:05
[-72, -60, -63, -75, -86],02/03/2022 19:14:09
[-68, -60, -65, -76, -85],02/03/2022 19:14:14
[-77, -57, -66, -76, -82],02/03/2022 19:14:18
[-68, -58, -63, -76, -85],02/03/2022 19:14:22
[-78, -58, -67, -84, -86],02/03/2022 19:14:26
[-68, -54, -67, -72, -88],02/03/2022 19:14:30
[-72, -58, -62, -72, -86],02/03/2022 19:14:34
[-78, -54, -62, -75, -82],02/03/2022 19:14:38
[-71, -58, -61, -72, -82],02/03/2022 19:14:42
[-77, -59, -60, -74, -80],02/03/2022 19:14:47
[-76, -59, -64, -72, -82],02/03/2022 19:14:51
[-68, -60, -66, -83, -82],02/03/2022 19:14:55
[-68, -59, -67, -83, -81],02/03/2022 19:14:59
[-77, -54, -66, -84, -83],02/03/2022 19:15:03
[-78, -53, -61, -75, -83],02/03/2022 19:15:08
[-78, -54, -65, -72, -88],02/03/2022 19:15:12
[-73, -54, -64, -75, -85],02/03/2022 19:15:16
[-100, -54, -66, -72, -100],02/03/2022 19:15:20
[-72, -58, -62, -71, -84],02/03/2022 19:15:24
[-80, -58, -65, -75, -82],02/03/2022 19:15:28
[-68, -57, -66, -85, -86],02/03/2022 19:15:33
[-68, -58, -66, -87, -85],02/03/2022 19:15:37
[-69, -54, -63, -87, -83],02/03/2022 19:15:41
[-69, -56, -63, -72, -82],02/03/2022 19:15:45
[-68, -60, -62, -72, -81],02/03/2022 19:15:49
[-72, -57, -64, -72, -100],02/03/2022 19:15:53
[-72, -60, -66, -72, -83],02/03/2022 19:15:58
[-72, -54, -64, -72, -83],02/03/2022 19:16:02
[-68, -54, -67, -76, -82],02/03/2022 19:16:06
[-72, -54, -64, -87, -82],02/03/2022 19:16:10
[-68, -53, -62, -87, -84],02/03/2022 19:16:14
[-79, -53, -63, -85, -83],02/03/2022 19:16:19
[-68, -57, -62, -83, -100],02/03/2022 19:16:23
[-79, -58, -64, -72, -84],02/03/2022 19:16:27
[-68, -57, -67, -72, -84],02/03/2022 19:16:31
[-73, -57, -67, -72, -83],02/03/2022 19:16:35
[-68, -57, -66, -73, -83],02/03/2022 19:16:39
[-68, -60, -66, -72, -81],02/03/2022 19:16:44
[-73, -60, -66, -82, -82],02/03/2022 19:16:48
[-79, -57, -61, -75, -82],02/03/2022 19:16:52
[-80, -59, -64, -85, -85],02/03/2022 19:16:56
[-79, -54, -64, -74, -88],02/03/2022 19:17:00
[-73, -60, -65, -72, -84],02/03/2022 19:17:04
[-79, -54, -65, -72, -84],02/03/2022 19:17:09
[-68, -61, -62, -86, -84],02/03/2022 19:17:13
[-68, -60, -67, -72, -81],02/03/2022 19:17:17
[-77, -54, -67, -85, -82],02/03/2022 19:17:21
[-68, -54, -67, -73, -81],02/03/2022 19:17:25
[-68, -54, -64, -72, -84],02/03/2022 19:17:29
[-73, -54, -65, -75, -86],02/03/2022 19:17:33
[-79, -54, -64, -74, -82],02/03/2022 19:17:38
[-74, -61, -64, -72, -83],02/03/2022 19:17:42
[-77, -58, -64, -72, -85],02/03/2022 19:17:46
[-68, -61, -67, -84, -83],02/03/2022 19:17:50
[-70, -60, -61, -72, -86],02/03/2022 19:17:54
[-78, -54, -63, -72, -82],02/03/2022 19:17:59
[-69, -59, -67, -87, -84],02/03/2022 19:18:03
[-79, -60, -64, -75, -83],02/03/2022 19:18:07
[-72, -60, -66, -87, -85],02/03/2022 19:18:11
[-73, -53, -65, -75, -83],02/03/2022 19:18:15
[-73, -57, -66, -75, -82],02/03/2022 19:18:20
[-69, -53, -67, -76, -83],02/03/2022 19:18:24
[-68, -57, -61, -72, -84],02/03/2022 19:18:28
[-69, -54, -65, -72, -87],02/03/2022 19:18:32
[-70, -58, -62, -72, -85],02/03/2022 19:18:36
[-68, -59, -63, -87, -86],02/03/2022 19:18:40
[-68, -60, -63, -76, -88],02/03/2022 19:18:44
[-72, -57, -65, -76, -85],02/03/2022 19:18:49
[-78, -60, -64, -72, -81],02/03/2022 19:18:53
[-72, -54, -64, -72, -85],02/03/2022 19:18:57
[-73, -54, -64, -72, -82],02/03/2022 19:19:01
[-68, -54, -64, -72, -81],02/03/2022 19:19:05
[-79, -53, -63, -72, -85],02/03/2022 19:19:09
[-68, -53, -63, -82, -80],02/03/2022 19:19:14
[-69, -57, -63, -72, -82],02/03/2022 19:19:18
[-68, -57, -63, -75, -82],02/03/2022 19:19:22
[-73, -57, -64, -82, -83],02/03/2022 19:19:26
[-73, -54, -63, -75, -84],02/03/2022 19:19:30
[-69, -57, -64, -83, -84],02/03/2022 19:19:34
[-79, -60, -64, -73, -84],02/03/2022 19:19:39
[-73, -60, -67, -72, -84],02/03/2022 19:19:43
[-68, -58, -64, -72, -84],02/03/2022 19:19:47
[-68, -60, -64, -72, -82],02/03/2022 19:19:51
[-68, -53, -65, -72, -82],02/03/2022 19:19:55
[-80, -54, -64, -75, -85],02/03/2022 19:20:00
[-72, -54, -64, -84, -84],02/03/2022 19:20:04
[-80, -54, -67, -75, -81],02/03/2022 19:20:08
[-79, -54, -68, -84, -84],02/03/2022 19:20:12
[-72, -54, -67, -75, -86],02/03/2022 19:20:16
[-78, -54, -67, -72, -83],02/03/2022 19:20:21
[-68, -57, -64, -72, -82],02/03/2022 19:20:25
[-78, -57, -64, -72, -85],02/03/2022 19:20:29
[-78, -57, -65, -84, -86],02/03/2022 19:20:33
[-81, -60, -65, -76, -85],02/03/2022 19:20:37
[-72, -60, -64, -82, -81],02/03/2022 19:20:41
[-72, -60, -67, -75, -81],02/03/2022 19:20:46
[-73, -59, -63, -75, -84],02/03/2022 19:20:50
[-79, -54, -63, -75, -80],02/03/2022 19:20:54
[-68, -54, -63, -72, -82],02/03/2022 19:20:58
[-78, -54, -64, -72, -83],02/03/2022 19:21:02
[-73, -60, -65, -85, -83],02/03/2022 19:21:06
[-73, -53, -66, -72, -83],02/03/2022 19:21:11
[-74, -57, -64, -82, -82],02/03/2022 19:21:15
[-72, -58, -67, -84, -82],02/03/2022 19:21:19
[-68, -57, -65, -75, -86],02/03/2022 19:21:23
[-72, -57, -64, -74, -85],02/03/2022 19:21:27
[-68, -58, -62, -75, -82],02/03/2022 19:21:32
[-72, -60, -63, -71, -86],02/03/2022 19:21:36
[-73, -59, -65, -72, -85],02/03/2022 19:21:40
[-79, -60, -66, -71, -85],02/03/2022 19:21:44
[-73, -60, -65, -71, -85],02/03/2022 19:21:48
[-78, -54, -65, -73, -84],02/03/2022 19:21:52
[-72, -54, -66, -84, -85],02/03/2022 19:21:56
[-67, -54, -66, -74, -87],02/03/2022 19:22:01
[-78, -54, -65, -74, -84],02/03/2022 19:22:05
[-68, -53, -65, -72, -84],02/03/2022 19:22:09
[-68, -57, -65, -75, -85],02/03/2022 19:22:13
[-73, -57, -64, -72, -83],02/03/2022 19:22:17
[-73, -57, -61, -74, -85],02/03/2022 19:22:21
[-72, -57, -66, -72, -84],02/03/2022 19:22:26
[-73, -57, -65, -73, -85],02/03/2022 19:22:30
[-73, -60, -62, -83, -83],02/03/2022 19:22:34
[-80, -60, -60, -75, -84],02/03/2022 19:22:38
[-73, -56, -64, -74, -85],02/03/2022 19:22:42
[-78, -60, -66, -75, -83],02/03/2022 19:22:47
[-78, -53, -64, -72, -87],02/03/2022 19:22:51
[-79, -54, -65, -72, -100],02/03/2022 19:22:55
[-72, -54, -64, -73, -83],02/03/2022 19:22:59
[-72, -54, -63, -72, -82],02/03/2022 19:23:03
[-73, -54, -67, -71, -85],02/03/2022 19:23:07
[-69, -58, -63, -76, -82],02/03/2022 19:23:12
[-78, -59, -66, -83, -100],02/03/2022 19:23:16
[-82, -57, -64, -75, -82],02/03/2022 19:23:20
[-78, -57, -64, -75, -84],02/03/2022 19:23:24
[-78, -60, -64, -72, -84],02/03/2022 19:23:28
[-81, -54, -64, -72, -85],02/03/2022 19:23:32
[-73, -54, -64, -72, -86],02/03/2022 19:23:37
[-69, -60, -63, -75, -100],02/03/2022 19:23:41
[-73, -54, -66, -73, -86],02/03/2022 19:23:45
[-73, -57, -62, -74, -86],02/03/2022 19:23:49
[-68, -54, -63, -74, -83],02/03/2022 19:23:53
[-80, -57, -64, -75, -85],02/03/2022 19:23:57
[-77, -54, -64, -84, -87],02/03/2022 19:24:02
[-73, -54, -64, -74, -84],02/03/2022 19:24:06
[-78, -60, -66, -85, -86],02/03/2022 19:24:10
[-68, -53, -65, -83, -100],02/03/2022 19:24:14
[-72, -60, -63, -72, -83],02/03/2022 19:24:18
[-69, -60, -63, -85, -83],02/03/2022 19:24:22
[-73, -60, -63, -85, -83],02/03/2022 19:24:27
[-68, -53, -63, -83, -83],02/03/2022 19:24:31
[-78, -53, -100, -85, -87],02/03/2022 19:24:35
[-79, -53, -64, -84, -84],02/03/2022 19:24:39
[-69, -59, -63, -72, -82],02/03/2022 19:24:43
[-72, -57, -64, -72, -85],02/03/2022 19:24:48
[-68, -57, -64, -72, -83],02/03/2022 19:24:52
[-68, -57, -64, -71, -80],02/03/2022 19:24:56
[-78, -53, -66, -72, -84],02/03/2022 19:25:00
[-80, -57, -66, -72, -84],02/03/2022 19:25:04
[-69, -60, -63, -84, -83],02/03/2022 19:25:08
[-70, -60, -66, -88, -85],02/03/2022 19:25:13
[-73, -58, -100, -74, -87],02/03/2022 19:25:17
[-77, -60, -61, -74, -84],02/03/2022 19:25:21
[-70, -60, -66, -84, -82],02/03/2022 19:25:25
[-68, -54, -63, -72, -84],02/03/2022 19:25:29
[-71, -53, -64, -72, -83],02/03/2022 19:25:33
[-75, -54, -65, -73, -84],02/03/2022 19:25:38
[-69, -53, -66, -71, -83],02/03/2022 19:25:42
[-73, -54, -66, -71, -87],02/03/2022 19:25:46
[-71, -54, -64, -75, -83],02/03/2022 19:25:50
[-74, -54, -66, -73, -82],02/03/2022 19:25:54
[-76, -53, -64, -75, -82],02/03/2022 19:25:58
[-78, -57, -64, -84, -83],02/03/2022 19:26:02
[-71, -58, -63, -71, -84],02/03/2022 19:26:07
[-72, -59, -64, -73, -84],02/03/2022 19:26:11
[-72, -59, -66, -72, -84],02/03/2022 19:26:15
[-75, -57, -63, -73, -83],02/03/2022 19:26:19
[-73, -60, -66, -83, -83],02/03/2022 19:26:23
[-74, -54, -67, -74, -82],02/03/2022 19:26:28
[-78, -54, -62, -84, -85],02/03/2022 19:26:32
[-71, -54, -63, -75, -83],02/03/2022 19:26:36
[-78, -57, -63, -75, -83],02/03/2022 19:26:40
[-76, -59, -64, -72, -82],02/03/2022 19:26:44
[-75, -60, -67, -72, -85],02/03/2022 19:26:48
[-72, -57, -67, -88, -84],02/03/2022 19:26:53
[-72, -59, -62, -86, -82],02/03/2022 19:26:57
[-68, -58, -64, -84, -83],02/03/2022 19:27:01
[-70, -58, -63, -71, -81],02/03/2022 19:27:05
[-77, -60, -64, -76, -85],02/03/2022 19:27:09
[-80, -57, -66, -75, -81],02/03/2022 19:27:13
[-74, -59, -67, -74, -85],02/03/2022 19:27:18
[-79, -60, -67, -72, -85],02/03/2022 19:27:22
[-72, -53, -63, -85, -84],02/03/2022 19:27:26
[-71, -53, -63, -73, -85],02/03/2022 19:27:30
[-70, -54, -64, -84, -85],02/03/2022 19:27:34
[-70, -54, -63, -84, -84],02/03/2022 19:27:39
[-79, -58, -64, -74, -87],02/03/2022 19:27:43
[-77, -53, -67, -71, -85],02/03/2022 19:27:47
[-73, -54, -64, -74, -83],02/03/2022 19:27:51
[-74, -58, -63, -72, -83],02/03/2022 19:27:55
[-74, -58, -61, -75, -85],02/03/2022 19:27:59
[-70, -52, -63, -100, -83],02/03/2022 19:28:04
[-80, -60, -65, -75, -83],02/03/2022 19:28:08
[-78, -58, -67, -83, -83],02/03/2022 19:28:12
[-79, -59, -67, -75, -85],02/03/2022 19:28:16
[-82, -59, -64, -72, -85],02/03/2022 19:28:20
[-76, -54, -68, -72, -88],02/03/2022 19:28:25
[-70, -54, -65, -75, -100],02/03/2022 19:28:29
[-71, -53, -64, -71, -85],02/03/2022 19:28:33
[-70, -54, -64, -87, -100],02/03/2022 19:28:37
[-69, -57, -64, -76, -82],02/03/2022 19:28:41
[-78, -53, -64, -75, -84],02/03/2022 19:28:45
[-71, -54, -63, -75, -84],02/03/2022 19:28:50
[-76, -54, -67, -75, -82],02/03/2022 19:28:54
[-72, -58, -67, -72, -86],02/03/2022 19:28:58
[-73, -59, -67, -86, -82],02/03/2022 19:29:02
[-80, -60, -66, -84, -84],02/03/2022 19:29:06
[-74, -58, -63, -86, -100],02/03/2022 19:29:10
[-80, -59, -64, -85, -83],02/03/2022 19:29:15
[-82, -58, -64, -72, -81],02/03/2022 19:29:19
[-80, -53, -65, -71, -83],02/03/2022 19:29:23
[-68, -53, -64, -77, -84],02/03/2022 19:29:27
[-70, -53, -69, -75, -84],02/03/2022 19:29:31
[-73, -53, -69, -75, -83],02/03/2022 19:29:35
[-71, -53, -63, -74, -85],02/03/2022 19:29:40
[-71, -54, -100, -76, -87],02/03/2022 19:29:44
[-80, -57, -65, -83, -83],02/03/2022 19:29:48
[-82, -54, -62, -73, -88],02/03/2022 19:29:52
[-71, -53, -63, -83, -86],02/03/2022 19:30:04
[-72, -57, -71, -71, -86],02/03/2022 19:30:11
[-84, -57, -67, -75, -83],02/03/2022 19:30:15
[-68, -57, -67, -84, -82],02/03/2022 19:30:19
[-73, -53, -67, -84, -85],02/03/2022 19:30:24
[-83, -53, -65, -71, -89],02/03/2022 19:30:28
[-72, -53, -61, -71, -87],02/03/2022 19:30:32
[-77, -53, -65, -85, -85],02/03/2022 19:30:36
[-71, -58, -64, -75, -86],02/03/2022 19:30:40
[-70, -54, -64, -71, -85],02/03/2022 19:30:45
[-71, -57, -66, -72, -87],02/03/2022 19:30:49
[-72, -57, -66, -72, -84],02/03/2022 19:30:53
[-71, -58, -65, -72, -83],02/03/2022 19:30:57
[-75, -59, -63, -83, -82],02/03/2022 19:31:01
[-75, -59, -64, -83, -86],02/03/2022 19:31:05
[-70, -54, -64, -86, -83],02/03/2022 19:31:10
[-77, -57, -64, -85, -82],02/03/2022 19:31:14
[-76, -58, -64, -75, -84],02/03/2022 19:31:18
[-71, -61, -64, -72, -82],02/03/2022 19:31:22
[-76, -61, -68, -72, -83],02/03/2022 19:31:26
[-76, -60, -62, -85, -82],02/03/2022 19:31:31
[-76, -60, -64, -83, -83],02/03/2022 19:31:34
[-77, -54, -64, -75, -85],02/03/2022 19:31:39
[-72, -53, -63, -85, -84],02/03/2022 19:31:43
[-71, -54, -64, -76, -89],02/03/2022 19:31:47
[-77, -53, -67, -84, -83],02/03/2022 19:31:52
[-71, -53, -62, -75, -100],02/03/2022 19:31:55
[-71, -60, -64, -72, -84],02/03/2022 19:31:59
[-76, -59, -66, -72, -85],02/03/2022 19:32:04
[-72, -57, -63, -72, -100],02/03/2022 19:32:08
[-100, -57, -64, -71, -86],02/03/2022 19:32:12
[-76, -57, -63, -75, -85],02/03/2022 19:32:16
[-76, -59, -65, -84, -83],02/03/2022 19:32:20
[-76, -60, -62, -76, -88],02/03/2022 19:32:25
[-76, -60, -67, -77, -86],02/03/2022 19:32:29
[-76, -60, -67, -76, -86],02/03/2022 19:32:33
[-76, -60, -61, -76, -85],02/03/2022 19:32:37
[-71, -54, -66, -76, -86],02/03/2022 19:32:41
[-76, -55, -64, -72, -84],02/03/2022 19:32:45
[-75, -54, -64, -73, -87],02/03/2022 19:32:50
[-76, -54, -64, -84, -85],02/03/2022 19:32:54
[-75, -57, -64, -75, -83],02/03/2022 19:32:58
[-71, -57, -61, -77, -87],02/03/2022 19:33:02
[-70, -57, -62, -75, -83],02/03/2022 19:33:06
[-70, -54, -64, -77, -87],02/03/2022 19:33:10
[-71, -57, -65, -84, -86],02/03/2022 19:33:15
[-74, -59, -64, -86, -85],02/03/2022 19:33:19
[-74, -60, -67, -83, -87],02/03/2022 19:33:23
[-86, -60, -63, -85, -83],02/03/2022 19:33:27
[-72, -59, -60, -86, -85],02/03/2022 19:33:31
[-70, -60, -62, -73, -84],02/03/2022 19:33:35
[-73, -60, -61, -72, -85],02/03/2022 19:33:39
[-73, -57, -68, -73, -85],02/03/2022 19:33:44
[-72, -60, -67, -72, -85],02/03/2022 19:33:48
[-72, -60, -66, -73, -87],02/03/2022 19:33:52
[-81, -54, -67, -84, -85],02/03/2022 19:33:56
[-72, -54, -64, -84, -88],02/03/2022 19:34:00
[-72, -53, -62, -84, -85],02/03/2022 19:34:05
[-72, -54, -63, -75, -86],02/03/2022 19:34:09
[-72, -54, -62, -76, -85],02/03/2022 19:34:13
[-72, -57, -64, -76, -84],02/03/2022 19:34:17
[-72, -60, -66, -72, -85],02/03/2022 19:34:21
[-73, -57, -67, -76, -85],02/03/2022 19:34:25
[-82, -58, -66, -72, -100],02/03/2022 19:34:30
[-71, -61, -63, -85, -85],02/03/2022 19:34:34
[-72, -60, -65, -85, -100],02/03/2022 19:34:38
[-82, -60, -63, -85, -84],02/03/2022 19:34:42
[-72, -60, -64, -76, -85],02/03/2022 19:34:46
[-81, -58, -67, -84, -85],02/03/2022 19:34:50
[-70, -53, -66, -72, -87],02/03/2022 19:34:55
[-72, -59, -63, -72, -85],02/03/2022 19:34:59
[-84, -53, -63, -72, -85],02/03/2022 19:35:03
[-76, -53, -62, -82, -86],02/03/2022 19:35:07
[-79, -60, -64, -85, -86],02/03/2022 19:35:11
[-70, -57, -63, -76, -86],02/03/2022 19:35:15
[-100, -58, -65, -85, -87],02/03/2022 19:35:20
[-69, -57, -67, -77, -85],02/03/2022 19:35:24
[-71, -54, -67, -84, -84],02/03/2022 19:35:28
[-72, -60, -64, -73, -86],02/03/2022 19:35:32