
[-82, -76, -61, -37, -79],24/02/2022 20:29:35
[-100, -79, -58, -38, -78],24/02/2022 20:29:39
[-100, -76, -64, -41, -75],24/02/2022 20:29:44
[-84, -76, -58, -40, -74],24/02/2022 20:29:48
[-100, -77, -64, -41, -80],24/02/2022 20:29:52
[-85, -75, -64, -37, -80],24/02/2022 20:29:56
[-85, -77, -54, -41, -81],24/02/2022 20:30:00
[-90, -77, -54, -41, -80],24/02/2022 20:30:04
[-100, -76, -54, -38, -76],24/02/2022 20:30:09
[-83, -77, -54, -41, -76],24/02/2022 20:30:13
[-80, -76, -64, -41, -75],24/02/2022 20:30:17
[-84, -76, -58, -38, -75],24/02/2022 20:30:21
[-100, -76, -58, -41, -80],24/02/2022 20:30:25
[-100, -76, -59, -37, -77],24/02/2022 20:30:29
[-83, -76, -57, -38, -81],24/02/2022 20:30:34
[-83, -76, -64, -38, -81],24/02/2022 20:30:38
[-100, -76, -54, -39, -75],24/02/2022 20:30:42
[-100, -76, -54, -39, -75],24/02/2022 20:30:46
[-80, -76, -58, -41, -75],24/02/2022 20:30:50
[-100, -76, -64, -39, -80],24/02/2022 20:30:54
[-82, -76, -58, -39, -80],24/02/2022 20:30:59
[-78, -76, -58, -37, -82],24/02/2022 20:31:03
[-80, -100, -58, -41, -80],24/02/2022 20:31:07
[-100, -84, -58, -37, -77],24/02/2022 20:31:11
[-86, -76, -70, -38, -75],24/02/2022 20:31:15
[-100, -76, -62, -39, -76],24/02/2022 20:31:19
[-86, -75, -65, -37, -73],24/02/2022 20:31:24
[-100, -78, -63, -39, -73],24/02/2022 20:31:28
[-81, -77, -69, -39, -76],24/02/2022 20:31:32
[-100, -100, -60, -41, -75],24/02/2022 20:31:36
[-81, -74, -60, -40, -77],24/02/2022 20:31:40
[-80, -79, -64, -37, -78],24/02/2022 20:31:44
[-89, -73, -64, -41, -75],24/02/2022 20:31:48
[-82, -77, -54, -41, -81],24/02/2022 20:31:53
[-86, -83, -64, -100, -81],24/02/2022 20:31:57
[-82, -83, -64, -39, -78],24/02/2022 20:32:01
[-83, -76, -64, -37, -81],24/02/2022 20:32:05
[-84, -75, -58, -41, -82],24/02/2022 20:32:09
[-86, -78, -59, -37, -74],24/02/2022 20:32:13
[-85, -77, -54, -39, -76],24/02/2022 20:32:18
[-82, -77, -54, -39, -74],24/02/2022 20:32:22
[-100, -76, -55, -38, -76],24/02/2022 20:32:26
[-90, -77, -54, -38, -75],24/02/2022 20:32:30
[-100, -100, -64, -40, -100],24/02/2022 20:32:34
[-86, -75, -57, -37, -74],24/02/2022 20:32:38
[-82, -78, -58, -39, -75],24/02/2022 20:32:43
[-84, -76, -58, -41, -74],24/02/2022 20:32:47
[-81, -75, -59, -41, -80],24/02/2022 20:32:51
[-82, -76, -65, -41, -76],24/02/2022 20:32:55
[-100, -77, -54, -37, -80],24/02/2022 20:32:59
[-79, -78, -64, -39, -76],24/02/2022 20:33:03
[-78, -78, -53, -40, -77],24/02/2022 20:33:08
[-80, -79, -64, -39, -75],24/02/2022 20:33:12
[-87, -80, -58, -41, -80],24/02/2022 20:33:16
[-100, -100, -59, -39, -76],24/02/2022 20:33:20
[-79, -78, -58, -41, -76],24/02/2022 20:33:24
[-100, -77, -59, -41, -76],24/02/2022 20:33:28
[-80, -80, -64, -40, -74],24/02/2022 20:33:33
[-79, -78, -64, -41, -81],24/02/2022 20:33:37
[-80, -76, -64, -37, -74],24/02/2022 20:33:41
[-79, -76, -65, -37, -74],24/02/2022 20:33:45
[-80, -77, -65, -39, -75],24/02/2022 20:33:49
[-78, -77, -58, -39, -75],24/02/2022 20:33:53
[-86, -80, -58, -39, -77],24/02/2022 20:33:58
[-84, -78, -54, -41, -77],24/02/2022 20:34:02
[-84, -77, -64, -38, -76],24/02/2022 20:34:06
[-100, -79, -54, -41, -80],24/02/2022 20:34:10
[-77, -79, -64, -41, -81],24/02/2022 20:34:14
[-82, -77, -64, -37, -75],24/02/2022 20:34:18
[-83, -77, -58, -39, -81],24/02/2022 20:34:23
[-100, -81, -59, -40, -81],24/02/2022 20:34:27
[-100, -81, -63, -39, -75],24/02/2022 20:34:31
[-82, -77, -54, -38, -80],24/02/2022 20:34:35
[-91, -76, -54, -39, -81],24/02/2022 20:34:39
[-81, -76, -54, -37, -75],24/02/2022 20:34:43
[-88, -76, -64, -41, -77],24/02/2022 20:34:48
[-80, -76, -58, -38, -74],24/02/2022 20:34:52
[-81, -77, -58, -41, -76],24/02/2022 20:34:56
[-100, -77, -58, -41, -75],24/02/2022 20:35:00
[-86, -78, -59, -37, -76],24/02/2022 20:35:04
[-89, -77, -54, -41, -75],24/02/2022 20:35:08
[-86, -77, -64, -41, -81],24/02/2022 20:35:14
[-83, -77, -65, -41, -81],24/02/2022 20:35:18
[-82, -76, -58, -41, -80],24/02/2022 20:35:22
[-100, -76, -65, -39, -79],24/02/2022 20:35:26
[-100, -75, -54, -39, -77],24/02/2022 20:35:29
[-86, -77, -58, -38, -75],24/02/2022 20:35:33
[-82, -76, -54, -41, -75],24/02/2022 20:35:38
[-83, -76, -54, -41, -82],24/02/2022 20:35:42
[-89, -78, -65, -38, -79],24/02/2022 20:35:46
[-100, -88, -58, -39, -76],24/02/2022 20:35:50
[-87, -77, -59, -41, -76],24/02/2022 20:35:54
[-85, -77, -54, -39, -75],24/02/2022 20:35:58
[-81, -81, -58, -39, -75],24/02/2022 20:36:03
[-82, -76, -54, -37, -81],24/02/2022 20:36:07
[-86, -75, -64, -37, -76],24/02/2022 20:36:11
[-85, -76, -64, -40, -76],24/02/2022 20:36:15
[-90, -100, -65, -37, -78],24/02/2022 20:36:19
[-81, -75, -64, -37, -75],24/02/2022 20:36:23
[-80, -76, -54, -41, -76],24/02/2022 20:36:28
[-85, -77, -54, -37, -76],24/02/2022 20:36:32
[-80, -76, -53, -37, -80],24/02/2022 20:36:36
[-79, -76, -54, -39, -80],24/02/2022 20:36:40
[-85, -76, -53, -40, -76],24/02/2022 20:36:44
[-86, -77, -58, -41, -76],24/02/2022 20:36:49
[-85, -77, -59, -37, -75],24/02/2022 20:36:53
[-89, -78, -58, -39, -75],24/02/2022 20:36:57
[-84, -78, -59, -39, -77],24/02/2022 20:37:01
[-81, -77, -59, -38, -76],24/02/2022 20:37:05
[-79, -100, -54, -40, -80],24/02/2022 20:37:09
[-90, -100, -64, -37, -76],24/02/2022 20:37:14
[-80, -83, -54, -39, -75],24/02/2022 20:37:18
[-80, -75, -64, -37, -78],24/02/2022 20:37:22
[-81, -84, -54, -37, -75],24/02/2022 20:37:26
[-87, -100, -58, -39, -81],24/02/2022 20:37:30
[-100, -84, -54, -41, -80],24/02/2022 20:37:34
[-81, -77, -55, -39, -100],24/02/2022 20:37:38
[-86, -75, -54, -38, -75],24/02/2022 20:37:43
[-100, -77, -57, -39, -81],24/02/2022 20:37:47
[-100, -77, -58, -39, -100],24/02/2022 20:37:51
[-87, -77, -65, -37, -75],24/02/2022 20:37:56
[-100, -77, -59, -41, -100],24/02/2022 20:38:09
[-81, -100, -54, -41, -74],24/02/2022 20:38:12
[-82, -75, -54, -37, -100],24/02/2022 20:38:16
[-86, -83, -54, -41, -76],24/02/2022 20:38:20
[-85, -85, -65, -39, -81],24/02/2022 20:38:25
[-88, -77, -64, -39, -80],24/02/2022 20:38:29
[-82, -77, -59, -38, -74],24/02/2022 20:38:33
[-88, -77, -58, -39, -75],24/02/2022 20:38:37
[-83, -76, -62, -38, -75],24/02/2022 20:38:41
[-82, -81, -55, -37, -75],24/02/2022 20:38:45
[-81, -81, -56, -41, -75],24/02/2022 20:38:50
[-87, -76, -56, -39, -76],24/02/2022 20:38:54
[-88, -78, -56, -41, -76],24/02/2022 20:38:58
[-100, -77, -56, -39, -81],24/02/2022 20:39:02
[-82, -76, -56, -39, -81],24/02/2022 20:39:06
[-100, -82, -63, -41, -76],24/02/2022 20:39:10
[-100, -77, -63, -38, -75],24/02/2022 20:39:14
[-89, -86, -63, -41, -75],24/02/2022 20:39:18
[-83, -81, -69, -37, -76],24/02/2022 20:39:23
[-86, -80, -56, -40, -76],24/02/2022 20:39:27
[-82, -80, -56, -37, -75],24/02/2022 20:39:31
[-82, -77, -56, -41, -75],24/02/2022 20:39:35
[-90, -78, -57, -41, -75],24/02/2022 20:39:39
[-85, -78, -65, -40, -77],24/02/2022 20:39:44
[-86, -100, -59, -39, -81],24/02/2022 20:39:48
[-88, -79, -68, -38, -78],24/02/2022 20:39:52
[-84, -79, -63, -38, -79],24/02/2022 20:39:56
[-81, -80, -61, -41, -76],24/02/2022 20:40:00
[-84, -78, -67, -37, -76],24/02/2022 20:40:05
[-80, -81, -68, -39, -81],24/02/2022 20:40:09
[-87, -78, -68, -41, -81],24/02/2022 20:40:13
[-85, -80, -62, -38, -80],24/02/2022 20:40:17
[-79, -78, -55, -39, -77],24/02/2022 20:40:21
[-86, -77, -55, -39, -75],24/02/2022 20:40:25
[-84, -76, -55, -37, -76],24/02/2022 20:40:29
[-88, -75, -55, -37, -76],24/02/2022 20:40:33
[-100, -77, -56, -39, -75],24/02/2022 20:40:38
[-100, -78, -61, -38, -76],24/02/2022 20:40:42
[-83, -78, -58, -39, -75],24/02/2022 20:40:46
[-82, -100, -66, -38, -75],24/02/2022 20:40:50
[-83, -78, -58, -40, -77],24/02/2022 20:40:54
[-100, -76, -63, -38, -80],24/02/2022 20:40:58
[-84, -81, -64, -41, -76],24/02/2022 20:41:03
[-84, -82, -56, -40, -74],24/02/2022 20:41:07
[-85, -78, -55, -41, -76],24/02/2022 20:41:11
[-83, -81, -56, -40, -77],24/02/2022 20:41:15
[-88, -82, -59, -41, -74],24/02/2022 20:41:19
[-86, -81, -59, -38, -75],24/02/2022 20:41:24
[-84, -77, -59, -39, -76],24/02/2022 20:41:28
[-100, -78, -55, -41, -75],24/02/2022 20:41:32
[-84, -100, -59, -38, -75],24/02/2022 20:41:36
[-86, -83, -68, -38, -80],24/02/2022 20:41:40
[-89, -83, -66, -38, -76],24/02/2022 20:41:45
[-86, -80, -67, -39, -81],24/02/2022 20:41:48
[-87, -76, -63, -39, -76],24/02/2022 20:41:53
[-80, -100, -65, -37, -81],24/02/2022 20:41:57
[-87, -77, -54, -39, -84],24/02/2022 20:42:01
[-81, -76, -64, -39, -81],24/02/2022 20:42:05
[-100, -74, -60, -39, -79],24/02/2022 20:42:09
[-81, -79, -59, -39, -83],24/02/2022 20:42:13
[-100, -77, -64, -38, -76],24/02/2022 20:42:18
[-83, -79, -64, -37, -78],24/02/2022 20:42:22
[-81, -77, -65, -39, -76],24/02/2022 20:42:26
[-86, -75, -65, -41, -76],24/02/2022 20:42:30
[-80, -75, -65, -38, -79],24/02/2022 20:42:34
[-83, -77, -58, -39, -81],24/02/2022 20:42:39
[-82, -77, -56, -41, -75],24/02/2022 20:42:43
[-87, -76, -54, -41, -81],24/02/2022 20:42:47
[-83, -75, -54, -41, -80],24/02/2022 20:42:51
[-82, -77, -54, -38, -78],24/02/2022 20:42:55
[-86, -77, -65, -40, -78],24/02/2022 20:42:59
[-81, -76, -66, -37, -76],24/02/2022 20:43:04
[-84, -76, -58, -41, -78],24/02/2022 20:43:08
[-83, -77, -58, -41, -78],24/02/2022 20:43:12
[-100, -76, -53, -41, -76],24/02/2022 20:43:16
[-88, -78, -64, -39, -76],24/02/2022 20:43:20
[-87, -74, -64, -39, -75],24/02/2022 20:43:24
[-81, -77, -65, -39, -75],24/02/2022 20:43:28
[-100, -100, -65, -41, -76],24/02/2022 20:43:33
[-85, -75, -57, -41, -78],24/02/2022 20:43:37
[-81, -76, -58, -39, -78],24/02/2022 20:43:41
[-85, -100, -58, -39, -75],24/02/2022 20:43:45
[-81, -75, -59, -39, -77],24/02/2022 20:43:50
[-82, -75, -57, -41, -76],24/02/2022 20:43:54
[-86, -75, -54, -41, -78],24/02/2022 20:43:58
[-86, -76, -64, -41, -77],24/02/2022 20:44:02
[-81, -76, -64, -41, -78],24/02/2022 20:44:06
[-87, -76, -64, -39, -78],24/02/2022 20:44:10
[-82, -76, -59, -39, -79],24/02/2022 20:44:14
[-81, -75, -58, -41, -76],24/02/2022 20:44:18
[-82, -77, -58, -37, -78],24/02/2022 20:44:23
[-81, -75, -54, -40, -77],24/02/2022 20:44:27
[-100, -75, -57, -37, -77],24/02/2022 20:44:31
[-83, -75, -54, -38, -76],24/02/2022 20:44:39
[-82, -76, -58, -39, -78],24/02/2022 20:44:41
[-100, -75, -58, -41, -76],24/02/2022 20:44:45
[-87, -100, -65, -37, -76],24/02/2022 20:44:50
[-82, -100, -64, -41, -100],24/02/2022 20:44:54
[-80, -100, -58, -38, -100],24/02/2022 20:44:58
[-81, -75, -65, -38, -75],24/02/2022 20:45:08
[-84, -75, -54, -41, -75],24/02/2022 20:45:12
[-82, -75, -58, -41, -76],24/02/2022 20:45:16
[-85, -75, -57, -39, -75],24/02/2022 20:45:25
[-100, -75, -65, -39, -75],24/02/2022 20:45:27
[-81, -76, -58, -37, -76],24/02/2022 20:45:31
[-100, -75, -65, -39, -78],24/02/2022 20:45:35
[-86, -75, -54, -41, -100],24/02/2022 20:45:39
[-86, -75, -54, -38, -76],24/02/2022 20:45:43
[-81, -75, -54, -37, -77],24/02/2022 20:45:47
[-81, -76, -54, -38, -78],24/02/2022 20:45:52
[-81, -77, -64, -38, -76],24/02/2022 20:45:56
[-81, -75, -58, -40, -77],24/02/2022 20:46:00
[-82, -76, -58, -39, -76],24/02/2022 20:46:04
[-85, -76, -58, -39, -78],24/02/2022 20:46:08
[-87, -77, -54, -41, -78],24/02/2022 20:46:12
[-100, -76, -65, -39, -77],24/02/2022 20:46:17
[-100, -75, -54, -41, -78],24/02/2022 20:46:21
[-81, -76, -64, -38, -78],24/02/2022 20:46:25
[-84, -74, -64, -41, -78],24/02/2022 20:46:29
[-85, -77, -58, -41, -76],24/02/2022 20:46:33
[-83, -76, -58, -41, -78],24/02/2022 20:46:38
[-86, -76, -59, -39, -78],24/02/2022 20:46:42
[-84, -76, -54, -38, -76],24/02/2022 20:46:46
[-86, -76, -58, -41, -76],24/02/2022 20:46:50
[-86, -75, -65, -40, -75],24/02/2022 20:46:54
[-84, -76, -58, -39, -76],24/02/2022 20:46:58
[-100, -75, -57, -37, -76],24/02/2022 20:47:03
[-81, -77, -58, -41, -77],24/02/2022 20:47:07
[-81, -100, -65, -39, -76],24/02/2022 20:47:11
[-85, -76, -54, -38, -78],24/02/2022 20:47:15
[-81, -100, -54, -41, -100],24/02/2022 20:47:19
[-81, -76, -64, -37, -77],24/02/2022 20:47:23
[-82, -76, -54, -38, -75],24/02/2022 20:47:27
[-100, -76, -58, -41, -77],24/02/2022 20:47:32
[-82, -78, -58, -41, -76],24/02/2022 20:47:36
[-80, -76, -54, -41, -78],24/02/2022 20:47:40
[-87, -78, -54, -38, -100],24/02/2022 20:47:44
[-87, -77, -65, -40, -78],24/02/2022 20:47:48
[-86, -76, -64, -38, -75],24/02/2022 20:47:52
[-86, -100, -58, -40, -78],24/02/2022 20:47:56
[-82, -77, -64, -39, -78],24/02/2022 20:48:01
[-82, -77, -58, -41, -78],24/02/2022 20:48:05
[-81, -79, -54, -41, -79],24/02/2022 20:48:09
[-81, -77, -54, -38, -76],24/02/2022 20:48:13
[-100, -76, -65, -41, -77],24/02/2022 20:48:17
[-87, -77, -54, -37, -75],24/02/2022 20:48:21
[-86, -100, -54, -37, -76],24/02/2022 20:48:27
[-81, -77, -65, -39, -78],24/02/2022 20:48:30
[-81, -79, -58, -37, -76],24/02/2022 20:48:34
[-100, -76, -58, -41, -100],24/02/2022 20:48:38
[-100, -78, -57, -41, -78],24/02/2022 20:48:43
[-90, -76, -54, -38, -78],24/02/2022 20:48:46
[-87, -78, -58, -38, -78],24/02/2022 20:48:50
[-81, -76, -54, -38, -79],24/02/2022 20:48:55
[-81, -76, -54, -40, -78],24/02/2022 20:48:59
[-100, -76, -54, -41, -78],24/02/2022 20:49:03
[-100, -76, -64, -37, -75],24/02/2022 20:49:07
[-81, -76, -58, -37, -76],24/02/2022 20:49:11
[-83, -100, -58, -41, -76],24/02/2022 20:49:15
[-81, -76, -54, -38, -76],24/02/2022 20:49:20
[-82, -75, -54, -39, -78],24/02/2022 20:49:24
[-81, -77, -65, -41, -100],24/02/2022 20:49:28
[-100, -76, -64, -37, -75],24/02/2022 20:49:32
[-89, -78, -65, -38, -76],24/02/2022 20:49:36
[-80, -76, -58, -41, -78],24/02/2022 20:49:40
[-100, -76, -59, -41, -77],24/02/2022 20:49:45
[-87, -77, -54, -39, -75],24/02/2022 20:49:49
[-88, -77, -53, -38, -75],24/02/2022 20:49:53
[-100, -100, -54, -41, -75],24/02/2022 20:50:05
[-85, -78, -54, -41, -75],24/02/2022 20:50:09
[-87, -84, -58, -41, -76],24/02/2022 20:50:13
[-80, -79, -64, -41, -77],24/02/2022 20:50:17
[-100, -80, -70, -41, -74],24/02/2022 20:50:21
[-82, -81, -57, -39, -75],24/02/2022 20:50:25
[-82, -75, -57, -36, -75],24/02/2022 20:50:29
[-85, -77, -54, -39, -77],24/02/2022 20:50:34
[-100, -83, -54, -39, -76],24/02/2022 20:50:38
[-100, -78, -55, -39, -80],24/02/2022 20:50:42
[-82, -79, -59, -39, -76],24/02/2022 20:50:46
[-81, -80, -60, -40, -76],24/02/2022 20:50:50
[-81, -83, -60, -39, -76],24/02/2022 20:50:54
[-80, -77, -60, -37, -75],24/02/2022 20:50:59
[-80, -77, -54, -39, -76],24/02/2022 20:51:03
[-84, -77, -54, -39, -77],24/02/2022 20:51:07
[-82, -77, -54, -41, -78],24/02/2022 20:51:11
[-83, -76, -54, -38, -77],24/02/2022 20:51:15
[-88, -75, -59, -41, -78],24/02/2022 20:51:19
[-82, -84, -54, -41, -77],24/02/2022 20:51:24
[-83, -76, -58, -39, -79],24/02/2022 20:51:28
[-89, -75, -54, -40, -77],24/02/2022 20:51:32
[-100, -75, -54, -37, -78],24/02/2022 20:51:36
[-83, -75, -64, -40, -77],24/02/2022 20:51:41
[-81, -76, -57, -39, -75],24/02/2022 20:51:45
[-100, -76, -64, -39, -75],24/02/2022 20:51:49
[-81, -78, -58, -41, -78],24/02/2022 20:51:57
[-81, -75, -53, -41, -74],24/02/2022 20:52:01
[-100, -76, -54, -41, -79],24/02/2022 20:52:10
[-82, -76, -54, -39, -75],24/02/2022 20:52:13
[-81, -75, -54, -39, -100],24/02/2022 20:52:18
[-82, -77, -58, -37, -78],24/02/2022 20:52:22
[-86, -76, -65, -38, -78],24/02/2022 20:52:26
[-82, -76, -58, -37, -77],24/02/2022 20:52:30
[-81, -77, -64, -37, -77],24/02/2022 20:52:34
[-87, -79, -58, -39, -77],24/02/2022 20:52:38
[-89, -77, -54, -38, -78],24/02/2022 20:52:43
[-83, -76, -54, -39, -76],24/02/2022 20:52:47
[-83, -76, -54, -39, -75],24/02/2022 20:52:51
[-100, -76, -54, -39, -76],24/02/2022 20:52:55
[-81, -77, -57, -38, -76],24/02/2022 20:52:59
[-100, -79, -64, -39, -76],24/02/2022 20:53:03
[-80, -77, -63, -41, -77],24/02/2022 20:53:07
[-81, -74, -64, -41, -75],24/02/2022 20:53:12
[-100, -77, -64, -41, -80],24/02/2022 20:53:16
[-82, -77, -58, -39, -78],24/02/2022 20:53:20
[-100, -75, -54, -37, -77],24/02/2022 20:53:24
[-90, -76, -54, -39, -77],24/02/2022 20:53:28
[-90, -77, -54, -39, -78],24/02/2022 20:53:32
[-87, -77, -54, -39, -79],24/02/2022 20:53:37
[-88, -77, -65, -41, -78],24/02/2022 20:53:41
[-82, -76, -64, -41, -75],24/02/2022 20:53:45
[-100, -76, -63, -41, -76],24/02/2022 20:53:49
[-87, -100, -58, -39, -78],24/02/2022 20:53:53
[-82, -77, -58, -39, -78],24/02/2022 20:53:57
[-82, -76, -54, -37, -76],24/02/2022 20:54:02
[-81, -77, -56, -41, -78],24/02/2022 20:54:06
[-82, -76, -54, -41, -75],24/02/2022 20:54:10
[-100, -76, -54, -38, -76],24/02/2022 20:54:14
[-83, -76, -64, -37, -75],24/02/2022 20:54:18
[-100, -77, -58, -39, -76],24/02/2022 20:54:23
[-100, -75, -65, -38, -76],24/02/2022 20:54:27
[-83, -76, -54, -38, -78],24/02/2022 20:54:31
[-84, -76, -58, -38, -77],24/02/2022 20:54:35
[-100, -79, -54, -38, -78],24/02/2022 20:54:40
[-100, -75, -54, -41, -77],24/02/2022 20:54:43
[-83, -78, -54, -39, -77],24/02/2022 20:54:47
[-100, -73, -54, -37, -76],24/02/2022 20:54:52
[-83, -79, -58, -39, -78],24/02/2022 20:54:56
[-85, -78, -58, -39, -76],24/02/2022 20:55:00
[-100, -76, -58, -38, -78],24/02/2022 20:55:04
[-85, -76, -65, -41, -75],24/02/2022 20:55:08
[-86, -77, -54, -37, -76],24/02/2022 20:55:12
[-86, -76, -65, -38, -79],24/02/2022 20:55:17
[-83, -78, -64, -38, -75],24/02/2022 20:55:21
[-100, -78, -64, -37, -77],24/02/2022 20:55:25
[-81, -78, -58, -38, -79],24/02/2022 20:55:29
[-81, -77, -58, -39, -76],24/02/2022 20:55:33
[-86, -76, -54, -39, -76],24/02/2022 20:55:38
[-100, -75, -53, -39, -77],24/02/2022 20:55:42
[-100, -77, -65, -39, -76],24/02/2022 20:55:46
[-87, -75, -54, -38, -77],24/02/2022 20:55:50
[-82, -77, -58, -41, -78],24/02/2022 20:55:54
[-82, -76, -58, -39, -78],24/02/2022 20:55:58
[-100, -76, -58, -100, -78],24/02/2022 20:56:02
[-82, -76, -58, -39, -76],24/02/2022 20:56:07
[-82, -77, -58, -39, -75],24/02/2022 20:56:11
[-85, -77, -65, -38, -79],24/02/2022 20:56:15
[-100, -77, -64, -39, -100],24/02/2022 20:56:19
[-85, -76, -65, -39, -76],24/02/2022 20:56:23
[-85, -76, -64, -39, -76],24/02/2022 20:56:27
[-87, -77, -65, -39, -77],24/02/2022 20:56:32
[-80, -76, -54, -40, -78],24/02/2022 20:56:36
[-81, -77, -54, -41, -76],24/02/2022 20:56:40
[-83, -78, -54, -39, -79],24/02/2022 20:56:44
[-86, -78, -54, -41, -77],24/02/2022 20:56:48
[-84, -77, -58, -41, -75],24/02/2022 20:56:53
[-100, -77, -58, -41, -100],24/02/2022 20:56:57
[-85, -77, -59, -41, -77],24/02/2022 20:57:01
[-100, -82, -60, -41, -77],24/02/2022 20:57:05
[-88, -80, -59, -38, -76],24/02/2022 20:57:09
[-100, -100, -64, -39, -76],24/02/2022 20:57:13
[-81, -78, -55, -41, -76],24/02/2022 20:57:17
[-91, -82, -55, -41, -77],24/02/2022 20:57:22
[-87, -81, -56, -37, -78],24/02/2022 20:57:26
[-85, -80, -55, -39, -78],24/02/2022 20:57:30
[-100, -78, -60, -41, -76],24/02/2022 20:57:34
[-81, -79, -58, -41, -76],24/02/2022 20:57:38
[-81, -74, -64, -41, -76],24/02/2022 20:57:42
[-80, -77, -57, -41, -75],24/02/2022 20:57:47
[-100, -76, -58, -38, -77],24/02/2022 20:57:51
[-100, -75, -59, -41, -75],24/02/2022 20:57:55
[-85, -80, -62, -38, -77],24/02/2022 20:57:59
[-84, -75, -64, -39, -77],24/02/2022 20:58:03
[-82, -79, -64, -37, -75],24/02/2022 20:58:07
[-84, -77, -54, -37, -78],24/02/2022 20:58:12
[-82, -75, -54, -39, -77],24/02/2022 20:58:16
[-81, -75, -54, -39, -78],24/02/2022 20:58:20
[-81, -76, -54, -41, -76],24/02/2022 20:58:24
[-84, -77, -54, -38, -76],24/02/2022 20:58:28
[-81, -76, -54, -41, -76],24/02/2022 20:58:32
[-82, -100, -58, -41, -76],24/02/2022 20:58:37
[-82, -77, -58, -38, -76],24/02/2022 20:58:41
[-89, -77, -59, -38, -75],24/02/2022 20:58:45
[-88, -76, -54, -38, -78],24/02/2022 20:58:49
[-85, -77, -54, -41, -78],24/02/2022 20:58:53
[-100, -78, -54, -39, -78],24/02/2022 20:58:57
[-100, -77, -54, -37, -78],24/02/2022 20:59:02
[-81, -100, -54, -39, -78],24/02/2022 20:59:06
[-81, -78, -58, -41, -76],24/02/2022 20:59:10
[-82, -77, -65, -41, -78],24/02/2022 20:59:14
[-86, -100, -58, -41, -76],24/02/2022 20:59:18
[-82, -77, -58, -38, -77],24/02/2022 20:59:22
[-80, -77, -58, -39, -77],24/02/2022 20:59:28
[-82, -77, -54, -41, -77],24/02/2022 20:59:31
[-81, -76, -54, -37, -77],24/02/2022 20:59:35
[-81, -77, -64, -39, -75],24/02/2022 20:59:39
[-82, -77, -64, -41, -76],24/02/2022 20:59:43
[-81, -77, -58, -41, -78],24/02/2022 20:59:47
[-81, -76, -58, -41, -75],24/02/2022 20:59:52
[-85, -100, -59, -38, -77],24/02/2022 20:59:56
[-81, -75, -54, -39, -77],24/02/2022 21:00:00
[-82, -76, -58, -40, -76],24/02/2022 21:00:04
[-100, -76, -62, -39, -77],24/02/2022 21:00:08
[-81, -76, -64, -41, -75],24/02/2022 21:00:12
[-79, -76, -64, -38, -76],24/02/2022 21:00:17
[-100, -100, -64, -41, -78],24/02/2022 21:00:21
[-81, -76, -64, -39, -78],24/02/2022 21:00:25
[-82, -77, -57, -37, -77],24/02/2022 21:00:29
[-81, -77, -54, -39, -76],24/02/2022 21:00:33
[-87, -76, -58, -41, -77],24/02/2022 21:00:37
[-86, -76, -53, -38, -76],24/02/2022 21:00:42
[-82, -77, -64, -41, -78],24/02/2022 21:00:46
[-81, -77, -64, -38, -100],24/02/2022 21:00:50
[-81, -76, -65, -38, -77],24/02/2022 21:00:54
[-88, -76, -65, -39, -76],24/02/2022 21:00:58
[-82, -78, -59, -37, -76],24/02/2022 21:01:02
[-85, -75, -54, -39, -79],24/02/2022 21:01:07
[-82, -78, -64, -40, -75],24/02/2022 21:01:11
[-86, -77, -54, -41, -75],24/02/2022 21:01:15
[-100, -76, -54, -41, -74],24/02/2022 21:01:19
[-81, -75, -53, -37, -78],24/02/2022 21:01:23
[-82, -75, -65, -41, -78],24/02/2022 21:01:27
[-100, -78, -58, -37, -75],24/02/2022 21:01:32
[-81, -76, -57, -40, -77],24/02/2022 21:01:36
[-81, -76, -58, -39, -77],24/02/2022 21:01:40
[-81, -75, -54, -39, -76],24/02/2022 21:01:44
[-100, -77, -64, -41, -75],24/02/2022 21:01:48
[-100, -100, -54, -41, -76],24/02/2022 21:01:52
[-100, -76, -64, -41, -75],24/02/2022 21:01:56
[-81, -76, -65, -39, -77],24/02/2022 21:02:01
[-100, -76, -57, -41, -79],24/02/2022 21:02:05
[-100, -76, -58, -38, -76],24/02/2022 21:02:09
[-81, -100, -59, -39, -75],24/02/2022 21:02:13
[-89, -76, -60, -41, -78],24/02/2022 21:02:17
[-80, -76, -58, -37, -75],24/02/2022 21:02:21
[-81, -76, -64, -38, -76],24/02/2022 21:02:26
[-81, -83, -64, -41, -77],24/02/2022 21:02:30
[-85, -85, -63, -39, -77],24/02/2022 21:02:35
[-89, -74, -64, -38, -77],24/02/2022 21:02:39
[-79, -78, -58, -39, -76],24/02/2022 21:02:42
[-80, -76, -58, -38, -76],24/02/2022 21:02:47
[-100, -77, -58, -39, -76],24/02/2022 21:02:51
[-87, -75, -58, -39, -77],24/02/2022 21:02:55
[-81, -76, -54, -41, -75],24/02/2022 21:02:59
[-87, -77, -54, -37, -78],24/02/2022 21:03:03
[-87, -77, -54, -39, -78],24/02/2022 21:03:07
[-86, -100, -54, -39, -76],24/02/2022 21:03:11
[-85, -76, -61, -40, -78],24/02/2022 21:03:16
[-87, -77, -58, -39, -76],24/02/2022 21:03:20
[-81, -76, -58, -41, -75],24/02/2022 21:03:24
[-91, -78, -58, -41, -76],24/02/2022 21:03:28
[-80, -78, -58, -41, -77],24/02/2022 21:03:32
[-88, -75, -58, -39, -76],24/02/2022 21:03:37
[-89, -77, -54, -41, -76],24/02/2022 21:03:41
[-81, -76, -54, -41, -76],24/02/2022 21:03:45
[-80, -78, -64, -41, -76],24/02/2022 21:03:49
[-100, -78, -58, -39, -100],24/02/2022 21:03:53
[-81, -77, -65, -39, -75],24/02/2022 21:03:57
[-81, -78, -59, -39, -76],24/02/2022 21:04:01
[-80, -77, -58, -41, -77],24/02/2022 21:04:06
[-81, -76, -58, -41, -76],24/02/2022 21:04:10
[-88, -78, -54, -39, -77],24/02/2022 21:04:14
[-88, -76, -54, -37, -78],24/02/2022 21:04:18
[-82, -77, -54, -39, -76],24/02/2022 21:04:22
[-84, -76, -62, -37, -76],24/02/2022 21:04:26
[-100, -80, -53, -41, -79],24/02/2022 21:04:31
[-100, -77, -63, -37, -78],24/02/2022 21:04:35
[-82, -76, -60, -39, -79],24/02/2022 21:04:39
[-81, -78, -59, -41, -78],24/02/2022 21:04:43
[-86, -77, -54, -39, -78],24/02/2022 21:04:47
[-86, -79, -54, -39, -77],24/02/2022 21:04:51
[-82, -76, -54, -39, -76],24/02/2022 21:04:55
[-85, -75, -65, -37, -75],24/02/2022 21:05:00
[-87, -76, -65, -38, -76],24/02/2022 21:05:04
[-82, -77, -66, -37, -76],24/02/2022 21:05:08
[-100, -76, -66, -39, -75],24/02/2022 21:05:12
[-82, -76, -58, -38, -78],24/02/2022 21:05:16
[-81, -76, -68, -41, -75],24/02/2022 21:05:21
[-81, -77, -53, -40, -77],24/02/2022 21:05:25
[-89, -76, -53, -41, -77],24/02/2022 21:05:29
[-81, -77, -54, -41, -79],24/02/2022 21:05:33
[-82, -78, -54, -38, -77],24/02/2022 21:05:37
[-87, -100, -63, -38, -79],24/02/2022 21:05:41
[-86, -79, -63, -41, -79],24/02/2022 21:05:46
[-81, -78, -62, -41, -78],24/02/2022 21:05:50
[-89, -78, -58, -38, -81],24/02/2022 21:05:54
[-81, -77, -55, -39, -76],24/02/2022 21:05:58
[-87, -84, -54, -39, -77],24/02/2022 21:06:02
[-100, -76, -63, -41, -75],24/02/2022 21:06:06
[-82, -77, -54, -41, -75],24/02/2022 21:06:11
[-85, -76, -62, -37, -78],24/02/2022 21:06:15
[-100, -100, -58, -40, -76],24/02/2022 21:06:19
[-81, -78, -57, -41, -76],24/02/2022 21:06:23
[-80, -77, -57, -40, -76],24/02/2022 21:06:27
[-86, -76, -54, -39, -75],24/02/2022 21:06:31
[-85, -77, -66, -40, -78],24/02/2022 21:06:36
[-87, -77, -65, -40, -80],24/02/2022 21:06:40
[-82, -78, -66, -41, -78],24/02/2022 21:06:44
[-81, -77, -66, -39, -75],24/02/2022 21:06:48
[-82, -77, -58, -39, -76],24/02/2022 21:06:52
[-88, -76, -63, -41, -77],24/02/2022 21:06:57
[-86, -82, -56, -39, -100],24/02/2022 21:07:01
[-81, -80, -59, -39, -79],24/02/2022 21:07:05
[-100, -76, -65, -39, -77],24/02/2022 21:07:09
[-88, -75, -55, -39, -76],24/02/2022 21:07:13
[-82, -100, -66, -39, -78],24/02/2022 21:07:17
[-82, -85, -63, -37, -76],24/02/2022 21:07:21
[-88, -77, -58, -41, -76],24/02/2022 21:07:26
[-86, -78, -63, -39, -78],24/02/2022 21:07:30
[-87, -77, -73, -38, -81],24/02/2022 21:07:34
[-81, -74, -58, -39, -81],24/02/2022 21:07:38
[-83, -80, -58, -41, -77],24/02/2022 21:07:42
[-86, -76, -54, -37, -76],24/02/2022 21:07:46
[-100, -75, -54, -39, -83],24/02/2022 21:07:50
[-84, -78, -58, -37, -86],24/02/2022 21:07:55
[-87, -77, -58, -38, -82],24/02/2022 21:07:59
[-80, -76, -59, -37, -76],24/02/2022 21:08:03
[-80, -77, -59, -38, -82],24/02/2022 21:08:07
[-100, -76, -58, -39, -74],24/02/2022 21:08:11
[-83, -77, -64, -38, -81],24/02/2022 21:08:16
[-82, -77, -63, -41, -80],24/02/2022 21:08:20
[-83, -81, -63, -38, -79],24/02/2022 21:08:24
[-91, -79, -65, -39, -83],24/02/2022 21:08:28
[-81, -100, -54, -41, -74],24/02/2022 21:08:32
[-100, -82, -65, -41, -83],24/02/2022 21:08:36
[-78, -78, -58, -38, -84],24/02/2022 21:08:40
[-100, -78, -54, -38, -76],24/02/2022 21:08:45
[-82, -76, -60, -41, -80],24/02/2022 21:08:49
[-100, -78, -63, -41, -81],24/02/2022 21:08:53
[-82, -78, -58, -40, -79],24/02/2022 21:08:58
[-84, -76, -58, -38, -80],24/02/2022 21:09:02
[-82, -74, -59, -38, -77],24/02/2022 21:09:06
[-81, -78, -58, -37, -77],24/02/2022 21:09:10
[-100, -78, -54, -39, -77],24/02/2022 21:09:14
[-100, -100, -64, -41, -80],24/02/2022 21:09:18
[-91, -77, -54, -38, -80],24/02/2022 21:09:22
[-87, -76, -54, -37, -77],24/02/2022 21:09:27
[-81, -100, -58, -41, -78],24/02/2022 21:09:38
[-81, -77, -58, -38, -77],24/02/2022 21:09:42
[-86, -77, -64, -40, -80],24/02/2022 21:09:45
[-84, -77, -64, -38, -77],24/02/2022 21:09:49
[-80, -77, -58, -37, -80],24/02/2022 21:09:53
[-80, -76, -54, -39, -79],24/02/2022 21:09:58
[-84, -77, -53, -41, -79],24/02/2022 21:10:02
[-81, -77, -54, -37, -77],24/02/2022 21:10:06
[-85, -100, -65, -41, -77],24/02/2022 21:10:10
[-80, -77, -64, -37, -76],24/02/2022 21:10:14
[-85, -77, -65, -38, -76],24/02/2022 21:10:18
[-86, -76, -59, -37, -77],24/02/2022 21:10:22
[-85, -77, -59, -39, -76],24/02/2022 21:10:27
[-81, -77, -65, -38, -77],24/02/2022 21:10:32
[-80, -76, -54, -39, -77],24/02/2022 21:10:38
[-81, -75, -54, -41, -78],24/02/2022 21:10:40
[-79, -78, -65, -37, -79],24/02/2022 21:10:44
[-78, -77, -65, -41, -78],24/02/2022 21:10:48
[-100, -78, -64, -41, -77],24/02/2022 21:10:53
[-84, -77, -64, -41, -80],24/02/2022 21:10:57
[-81, -77, -58, -38, -78],24/02/2022 21:11:01
[-100, -76, -65, -39, -76],24/02/2022 21:11:05
[-85, -77, -58, -39, -79],24/02/2022 21:11:09
[-81, -77, -54, -38, -100],24/02/2022 21:11:13
[-100, -78, -64, -37, -76],24/02/2022 21:11:18
[-100, -78, -64, -37, -77],24/02/2022 21:11:22
[-100, -77, -59, -41, -78],24/02/2022 21:11:26
[-100, -77, -54, -41, -79],24/02/2022 21:11:30
[-85, -76, -59, -41, -78],24/02/2022 21:11:34
[-100, -77, -59, -41, -77],24/02/2022 21:11:39
[-81, -76, -59, -37, -77],24/02/2022 21:11:43
[-100, -100, -54, -38, -77],24/02/2022 21:11:47
[-100, -77, -54, -37, -79],24/02/2022 21:11:52
[-82, -77, -64, -41, -76],24/02/2022 21:11:56
[-80, -76, -64, -41, -76],24/02/2022 21:12:00
[-81, -76, -65, -37, -78],24/02/2022 21:12:04
[-87, -100, -64, -38, -80],24/02/2022 21:12:08
[-80, -80, -58, -38, -77],24/02/2022 21:12:12
[-80, -77, -54, -41, -100],24/02/2022 21:12:16
[-81, -76, -54, -41, -80],24/02/2022 21:12:21
[-84, -76, -54, -39, -78],24/02/2022 21:12:26
[-86, -76, -58, -38, -78],24/02/2022 21:12:30
[-80, -76, -59, -41, -78],24/02/2022 21:12:34
[-81, -77, -64, -39, -76],24/02/2022 21:12:38
[-81, -77, -59, -39, -78],24/02/2022 21:12:42
[-100, -77, -54, -41, -77],24/02/2022 21:12:46
[-82, -77, -54, -41, -79],24/02/2022 21:12:51
[-85, -76, -54, -38, -80],24/02/2022 21:12:55
[-100, -76, -54, -38, -80],24/02/2022 21:12:59
[-100, -78, -54, -37, -77],24/02/2022 21:13:03
[-85, -77, -65, -37, -76],24/02/2022 21:13:07
[-88, -77, -58, -41, -76],24/02/2022 21:13:11
[-100, -77, -58, -41, -76],24/02/2022 21:13:16
[-100, -76, -58, -38, -76],24/02/2022 21:13:20
[-86, -75, -54, -38, -79],24/02/2022 21:13:24
[-81, -76, -64, -39, -80],24/02/2022 21:13:28
[-81, -77, -64, -41, -78],24/02/2022 21:13:32
[-81, -77, -65, -39, -77],24/02/2022 21:13:36
[-81, -77, -59, -39, -80],24/02/2022 21:13:41
[-81, -78, -58, -37, -77],24/02/2022 21:13:45
[-81, -76, -58, -38, -78],24/02/2022 21:13:49
[-88, -76, -59, -39, -80],24/02/2022 21:13:53
[-85, -77, -55, -39, -79],24/02/2022 21:14:05
[-87, -78, -65, -41, -76],24/02/2022 21:14:10
[-81, -76, -65, -39, -78],24/02/2022 21:14:13
[-81, -77, -65, -41, -76],24/02/2022 21:14:22
[-80, -76, -54, -39, -79],24/02/2022 21:14:27
[-81, -77, -54, -39, -78],24/02/2022 21:14:30
[-81, -77, -54, -39, -80],24/02/2022 21:14:34
[-81, -77, -54, -41, -77],24/02/2022 21:14:38
[-85, -76, -54, -39, -80],24/02/2022 21:14:42
[-87, -75, -58, -41, -78],24/02/2022 21:14:46
[-79, -77, -54, -41, -78],24/02/2022 21:14:50
[-81, -77, -59, -37, -81],24/02/2022 21:14:55
[-81, -78, -54, -41, -77],24/02/2022 21:14:59
[-100, -77, -64, -41, -77],24/02/2022 21:15:03
[-81, -77, -64, -41, -76],24/02/2022 21:15:07
[-84, -76, -65, -37, -77],24/02/2022 21:15:11
[-100, -76, -64, -38, -78],24/02/2022 21:15:15
[-81, -76, -65, -39, -78],24/02/2022 21:15:20
[-86, -77, -59, -39, -76],24/02/2022 21:15:24
[-87, -76, -54, -39, -100],24/02/2022 21:15:28
[-100, -77, -54, -38, -77],24/02/2022 21:15:32
[-88, -78, -64, -39, -76],24/02/2022 21:15:36
[-100, -77, -54, -39, -78],24/02/2022 21:15:40
[-100, -76, -65, -37, -79],24/02/2022 21:15:45
[-81, -76, -58, -39, -78],24/02/2022 21:15:49
[-81, -77, -65, -41, -79],24/02/2022 21:15:53
[-85, -77, -59, -38, -79],24/02/2022 21:15:57
[-81, -76, -64, -39, -100],24/02/2022 21:16:01
[-100, -76, -54, -41, -79],24/02/2022 21:16:05
[-100, -76, -54, -37, -77],24/02/2022 21:16:10
[-86, -77, -54, -37, -77],24/02/2022 21:16:14
[-81, -77, -56, -41, -78],24/02/2022 21:16:18
[-85, -76, -65, -41, -79],24/02/2022 21:16:22
[-100, -100, -58, -41, -77],24/02/2022 21:16:27
[-86, -100, -58, -37, -77],24/02/2022 21:16:31
[-80, -76, -58, -41, -80],24/02/2022 21:16:34
[-85, -76, -59, -40, -76],24/02/2022 21:16:38
[-86, -76, -65, -41, -76],24/02/2022 21:16:43
[-87, -78, -54, -38, -79],24/02/2022 21:16:47
[-86, -76, -64, -39, -82],24/02/2022 21:16:51
[-82, -100, -65, -39, -76],24/02/2022 21:16:55
[-100, -75, -64, -38, -79],24/02/2022 21:16:59
[-87, -76, -58, -38, -78],24/02/2022 21:17:03
[-86, -78, -54, -39, -76],24/02/2022 21:17:08
[-82, -76, -54, -41, -77],24/02/2022 21:17:12
[-86, -76, -54, -39, -78],24/02/2022 21:17:16
[-100, -77, -64, -40, -77],24/02/2022 21:17:20
[-81, -77, -65, -37, -77],24/02/2022 21:17:24
[-86, -78, -58, -41, -79],24/02/2022 21:17:28
[-86, -77, -59, -38, -80],24/02/2022 21:17:33
[-81, -76, -58, -37, -78],24/02/2022 21:17:37
[-81, -77, -54, -39, -78],24/02/2022 21:17:41
[-100, -79, -54, -39, -79],24/02/2022 21:17:45
[-81, -77, -54, -39, -80],24/02/2022 21:17:49
[-86, -77, -65, -38, -79],24/02/2022 21:17:53
[-87, -76, -54, -38, -77],24/02/2022 21:17:58
[-87, -77, -58, -41, -77],24/02/2022 21:18:02
[-81, -77, -65, -39, -77],24/02/2022 21:18:06
[-86, -76, -58, -37, -76],24/02/2022 21:18:10
[-81, -77, -58, -39, -78],24/02/2022 21:18:14
[-100, -78, -54, -39, -79],24/02/2022 21:18:18
[-81, -76, -54, -38, -75],24/02/2022 21:18:23
[-90, -77, -54, -41, -100],24/02/2022 21:18:27
[-87, -78, -55, -41, -77],24/02/2022 21:18:31
[-100, -76, -54, -38, -78],24/02/2022 21:18:35
[-80, -77, -58, -41, -77],24/02/2022 21:18:40
[-88, -76, -58, -41, -77],24/02/2022 21:18:43
[-86, -77, -59, -39, -76],24/02/2022 21:18:48
[-86, -76, -59, -39, -77],24/02/2022 21:18:52
[-100, -77, -54, -37, -78],24/02/2022 21:18:56
[-80, -76, -65, -39, -78],24/02/2022 21:19:00
[-85, -76, -64, -38, -77],24/02/2022 21:19:04
[-89, -100, -65, -39, -79],24/02/2022 21:19:08
[-100, -76, -65, -38, -79],24/02/2022 21:19:12
[-81, -77, -54, -41, -77],24/02/2022 21:19:17
[-100, -76, -54, -39, -80],24/02/2022 21:19:21
[-81, -76, -54, -39, -79],24/02/2022 21:19:25
[-81, -76, -54, -39, -80],24/02/2022 21:19:29
[-82, -77, -54, -38, -78],24/02/2022 21:19:33
[-81, -77, -65, -38, -100],24/02/2022 21:19:38
[-87, -77, -58, -41, -78],24/02/2022 21:19:42
[-87, -76, -58, -42, -78],24/02/2022 21:19:46
[-86, -76, -64, -39, -77],24/02/2022 21:19:50
[-88, -76, -58, -37, -78],24/02/2022 21:19:54
[-81, -77, -58, -37, -76],24/02/2022 21:19:58
[-86, -77, -54, -41, -78],24/02/2022 21:20:03
[-82, -77, -58, -37, -77],24/02/2022 21:20:07
[-100, -77, -55, -39, -76],24/02/2022 21:20:11
[-100, -77, -65, -41, -77],24/02/2022 21:20:15
[-81, -76, -59, -39, -78],24/02/2022 21:20:19
[-85, -76, -58, -38, -76],24/02/2022 21:20:23
[-87, -77, -64, -37, -77],24/02/2022 21:20:27
[-86, -76, -59, -39, -79],24/02/2022 21:20:32
[-80, -76, -54, -41, -78],24/02/2022 21:20:36
[-100, -77, -55, -38, -78],24/02/2022 21:20:40
[-86, -76, -59, -39, -100],24/02/2022 21:20:44
[-85, -76, -64, -39, -79],24/02/2022 21:20:48
[-100, -77, -64, -38, -78],24/02/2022 21:20:53
[-90, -77, -58, -41, -80],24/02/2022 21:20:57
[-82, -77, -54, -38, -78],24/02/2022 21:21:01
[-87, -76, -59, -41, -78],24/02/2022 21:21:05
[-80, -76, -54, -37, -79],24/02/2022 21:21:09
[-81, -76, -65, -41, -77],24/02/2022 21:21:13
[-100, -76, -58, -38, -80],24/02/2022 21:21:18
[-80, -77, -64, -39, -78],24/02/2022 21:21:23
[-86, -77, -64, -41, -78],24/02/2022 21:21:27
[-81, -78, -64, -37, -77],24/02/2022 21:21:30
[-81, -77, -54, -41, -76],24/02/2022 21:21:34
[-81, -78, -54, -38, -76],24/02/2022 21:21:38
[-82, -77, -58, -38, -77],24/02/2022 21:21:43
[-81, -100, -54, -41, -78],24/02/2022 21:21:47
[-100, -100, -58, -41, -100],24/02/2022 21:21:51
[-86, -77, -64, -41, -77],24/02/2022 21:21:55
[-86, -77, -64, -39, -77],24/02/2022 21:21:59
[-100, -77, -65, -41, -78],24/02/2022 21:22:03
[-86, -77, -59, -39, -77],24/02/2022 21:22:07
[-100, -77, -54, -39, -77],24/02/2022 21:22:11
[-80, -77, -54, -41, -80],24/02/2022 21:22:16
[-81, -76, -64, -37, -78],24/02/2022 21:22:20
[-81, -77, -54, -41, -81],24/02/2022 21:22:24
[-87, -77, -54, -37, -77],24/02/2022 21:22:28
[-84, -76, -59, -38, -79],24/02/2022 21:22:32
[-85, -76, -58, -38, -78],24/02/2022 21:22:36
[-81, -77, -58, -41, -78],24/02/2022 21:22:41
[-81, -76, -59, -41, -77],24/02/2022 21:22:45
[-88, -77, -59, -39, -78],24/02/2022 21:22:49
[-82, -76, -64, -38, -76],24/02/2022 21:22:53
[-81, -77, -54, -38, -76],24/02/2022 21:22:57
[-86, -77, -64, -41, -78],24/02/2022 21:23:01
[-83, -76, -65, -39, -78],24/02/2022 21:23:05
[-87, -76, -59, -41, -79],24/02/2022 21:23:10
[-100, -78, -58, -37, -77],24/02/2022 21:23:14
[-79, -77, -59, -39, -78],24/02/2022 21:23:18
[-81, -76, -55, -41, -80],24/02/2022 21:23:22
[-100, -76, -54, -38, -76],24/02/2022 21:23:27
[-100, -77, -65, -41, -79],24/02/2022 21:23:31
[-85, -82, -65, -39, -78],24/02/2022 21:23:35
[-83, -79, -64, -40, -76],24/02/2022 21:23:39
[-82, -77, -58, -41, -77],24/02/2022 21:23:43
[-83, -77, -58, -41, -77],24/02/2022 21:23:47
[-100, -85, -54, -39, -80],24/02/2022 21:23:51
[-100, -76, -54, -41, -76],24/02/2022 21:23:56
[-100, -77, -54, -39, -80],24/02/2022 21:24:00
[-87, -79, -54, -39, -79],24/02/2022 21:24:04
[-85, -79, -58, -41, -78],24/02/2022 21:24:08
[-83, -83, -64, -38, -76],24/02/2022 21:24:12
[-84, -80, -59, -38, -77],24/02/2022 21:24:17
[-83, -100, -59, -39, -77],24/02/2022 21:24:21
[-83, -82, -58, -41, -79],24/02/2022 21:24:25
[-100, -100, -75, -39, -78],24/02/2022 21:24:29
[-82, -79, -61, -38, -77],24/02/2022 21:24:33
[-84, -76, -54, -39, -78],24/02/2022 21:24:37
[-81, -77, -54, -41, -78],24/02/2022 21:24:41
[-80, -78, -64, -38, -79],24/02/2022 21:24:45
[-83, -76, -54, -38, -78],24/02/2022 21:24:50
[-84, -78, -58, -39, -76],24/02/2022 21:24:54
[-100, -81, -58, -39, -77],24/02/2022 21:24:58
[-100, -76, -58, -41, -79],24/02/2022 21:25:02
[-87, -81, -54, -37, -80],24/02/2022 21:25:06
[-84, -79, -54, -39, -77],24/02/2022 21:25:10
[-84, -75, -54, -37, -79],24/02/2022 21:25:15
[-100, -77, -56, -41, -100],24/02/2022 21:25:19
[-80, -78, -65, -40, -76],24/02/2022 21:25:23
[-80, -100, -61, -40, -79],24/02/2022 21:25:27
[-81, -78, -60, -38, -77],24/02/2022 21:25:31
[-84, -78, -58, -38, -76],24/02/2022 21:25:35
[-88, -100, -59, -37, -77],24/02/2022 21:25:40
[-100, -78, -65, -39, -81],24/02/2022 21:25:44
[-100, -81, -54, -39, -80],24/02/2022 21:25:48
[-84, -79, -64, -38, -81],24/02/2022 21:25:52
[-83, -81, -58, -41, -77],24/02/2022 21:25:56
[-83, -81, -64, -41, -76],24/02/2022 21:26:00
[-85, -81, -54, -38, -79],24/02/2022 21:26:04
[-86, -78, -54, -41, -81],24/02/2022 21:26:09
[-84, -81, -54, -39, -81],24/02/2022 21:26:13
[-100, -82, -54, -39, -79],24/02/2022 21:26:17
[-84, -77, -54, -39, -75],24/02/2022 21:26:21
[-84, -83, -65, -38, -76],24/02/2022 21:26:25
[-100, -84, -64, -37, -76],24/02/2022 21:26:29
[-86, -77, -59, -41, -76],24/02/2022 21:26:34
[-86, -80, -64, -38, -80],24/02/2022 21:26:38
[-84, -79, -58, -39, -82],24/02/2022 21:26:42
[-90, -80, -54, -37, -80],24/02/2022 21:26:46
[-85, -78, -54, -38, -79],24/02/2022 21:26:50
[-88, -79, -65, -40, -78],24/02/2022 21:26:54
[-87, -78, -54, -39, -77],24/02/2022 21:26:59
[-84, -82, -58, -41, -77],24/02/2022 21:27:03
[-84, -73, -65, -39, -77],24/02/2022 21:27:07
[-87, -81, -55, -37, -79],24/02/2022 21:27:11
[-90, -81, -58, -39, -79],24/02/2022 21:27:15
[-100, -86, -57, -39, -76],24/02/2022 21:27:19
[-100, -81, -56, -38, -79],24/02/2022 21:27:24
[-89, -79, -100, -39, -76],24/02/2022 21:27:28
[-100, -76, -58, -40, -100],24/02/2022 21:27:32
[-88, -100, -57, -40, -77],24/02/2022 21:27:36
[-100, -100, -58, -38, -100],24/02/2022 21:27:40
[-100, -78, -54, -38, -80],24/02/2022 21:27:44
[-100, -79, -64, -39, -80],24/02/2022 21:27:48
[-87, -80, -65, -39, -80],24/02/2022 21:27:52
[-86, -78, -53, -38, -76],24/02/2022 21:27:57
[-85, -79, -58, -41, -76],24/02/2022 21:28:01
[-84, -85, -58, -38, -75],24/02/2022 21:28:05
[-87, -82, -58, -39, -76],24/02/2022 21:28:09
[-87, -82, -58, -39, -77],24/02/2022 21:28:13
[-84, -81, -54, -39, -77],24/02/2022 21:28:17
[-87, -78, -64, -38, -79],24/02/2022 21:28:22
[-85, -80, -54, -40, -76],24/02/2022 21:28:26
[-85, -88, -65, -38, -77],24/02/2022 21:28:30
[-86, -78, -64, -39, -80],24/02/2022 21:28:34
[-88, -79, -64, -38, -86],24/02/2022 21:28:38
[-91, -80, -58, -38, -81],24/02/2022 21:28:43
[-88, -78, -58, -38, -75],24/02/2022 21:28:47
[-86, -81, -54, -38, -81],24/02/2022 21:28:51
[-88, -80, -60, -38, -76],24/02/2022 21:28:55
[-88, -82, -61, -38, -76],24/02/2022 21:28:59
[-89, -87, -62, -39, -75],24/02/2022 21:29:03
[-100, -79, -65, -41, -76],24/02/2022 21:29:08
[-86, -83, -62, -39, -80],24/02/2022 21:29:12
[-100, -78, -66, -39, -78],24/02/2022 21:29:16
[-84, -74, -64, -39, -77],24/02/2022 21:29:20
[-84, -75, -59, -41, -77],24/02/2022 21:29:24
[-83, -78, -54, -41, -76],24/02/2022 21:29:28
[-86, -100, -54, -38, -76],24/02/2022 21:29:32
[-80, -77, -53, -39, -82],24/02/2022 21:29:37
[-82, -100, -54, -38, -77],24/02/2022 21:29:41
[-82, -77, -59, -41, -75],24/02/2022 21:29:45
[-82, -76, -54, -37, -75],24/02/2022 21:29:49
[-80, -78, -59, -41, -74],24/02/2022 21:29:53
[-83, -84, -64, -37, -77],24/02/2022 21:29:57
[-82, -77, -54, -37, -81],24/02/2022 21:30:02
[-81, -77, -63, -37, -77],24/02/2022 21:30:06
[-100, -76, -63, -37, -82],24/02/2022 21:30:10
[-82, -78, -54, -39, -81],24/02/2022 21:30:14
[-81, -76, -64, -38, -81],24/02/2022 21:30:18