
[-72, -72, -57, -65, -79],09/03/2022 10:37:36
[-68, -73, -60, -58, -71],09/03/2022 10:37:40
[-72, -76, -61, -65, -69],09/03/2022 10:37:44
[-68, -72, -55, -63, -69],09/03/2022 10:37:48
[-73, -72, -60, -63, -69],09/03/2022 10:37:53
[-75, -70, -57, -58, -80],09/03/2022 10:37:57
[-71, -73, -57, -58, -80],09/03/2022 10:38:01
[-74, -72, -100, -65, -69],09/03/2022 10:38:05
[-72, -72, -55, -64, -68],09/03/2022 10:38:09
[-69, -72, -55, -65, -69],09/03/2022 10:38:14
[-68, -79, -55, -63, -68],09/03/2022 10:38:18
[-69, -70, -55, -65, -69],09/03/2022 10:38:22
[-69, -69, -60, -58, -79],09/03/2022 10:38:26
[-72, -70, -60, -58, -77],09/03/2022 10:38:30
[-73, -77, -61, -58, -68],09/03/2022 10:38:34
[-74, -73, -57, -65, -68],09/03/2022 10:38:39
[-73, -81, -55, -100, -69],09/03/2022 10:38:43
[-74, -72, -57, -58, -69],09/03/2022 10:38:47
[-77, -78, -55, -65, -84],09/03/2022 10:38:51
[-69, -78, -60, -65, -82],09/03/2022 10:38:55
[-69, -70, -60, -65, -69],09/03/2022 10:38:59
[-68, -73, -61, -65, -69],09/03/2022 10:39:03
[-67, -70, -61, -64, -69],09/03/2022 10:39:08
[-73, -73, -60, -64, -69],09/03/2022 10:39:12
[-73, -77, -57, -64, -69],09/03/2022 10:39:16
[-73, -79, -57, -58, -69],09/03/2022 10:39:20
[-73, -69, -56, -65, -69],09/03/2022 10:39:24
[-73, -69, -59, -65, -84],09/03/2022 10:39:29
[-73, -70, -60, -63, -69],09/03/2022 10:39:33
[-76, -70, -55, -64, -82],09/03/2022 10:39:37
[-73, -79, -55, -65, -81],09/03/2022 10:39:41
[-72, -79, -55, -57, -68],09/03/2022 10:39:45
[-66, -80, -55, -64, -70],09/03/2022 10:39:49
[-69, -77, -55, -65, -69],09/03/2022 10:39:54
[-68, -72, -56, -57, -82],09/03/2022 10:39:58
[-67, -74, -61, -100, -69],09/03/2022 10:40:02
[-69, -72, -55, -58, -69],09/03/2022 10:40:06
[-74, -73, -60, -58, -69],09/03/2022 10:40:10
[-73, -78, -54, -65, -68],09/03/2022 10:40:14
[-74, -79, -55, -65, -69],09/03/2022 10:40:19
[-74, -70, -56, -64, -80],09/03/2022 10:40:23
[-68, -70, -55, -64, -82],09/03/2022 10:40:27
[-73, -79, -57, -64, -68],09/03/2022 10:40:31
[-69, -73, -61, -63, -69],09/03/2022 10:40:35
[-69, -79, -58, -64, -79],09/03/2022 10:40:39
[-68, -79, -60, -65, -69],09/03/2022 10:40:43
[-74, -79, -55, -65, -82],09/03/2022 10:40:48
[-75, -79, -56, -64, -72],09/03/2022 10:40:52
[-73, -72, -56, -65, -83],09/03/2022 10:40:56
[-73, -72, -56, -58, -68],09/03/2022 10:41:00
[-76, -70, -60, -64, -69],09/03/2022 10:41:04
[-72, -80, -59, -58, -70],09/03/2022 10:41:09
[-75, -72, -57, -65, -69],09/03/2022 10:41:13
[-73, -73, -55, -58, -69],09/03/2022 10:41:17
[-74, -71, -56, -64, -69],09/03/2022 10:41:21
[-73, -72, -55, -58, -69],09/03/2022 10:41:25
[-75, -69, -55, -64, -69],09/03/2022 10:41:29
[-72, -69, -60, -64, -69],09/03/2022 10:41:34
[-72, -69, -60, -64, -80],09/03/2022 10:41:38
[-73, -69, -59, -65, -68],09/03/2022 10:41:42
[-75, -72, -60, -66, -81],09/03/2022 10:41:46
[-75, -74, -57, -65, -80],09/03/2022 10:41:50
[-77, -70, -57, -64, -100],09/03/2022 10:41:54
[-72, -77, -57, -64, -80],09/03/2022 10:41:59
[-75, -74, -57, -65, -81],09/03/2022 10:42:03
[-74, -70, -57, -57, -68],09/03/2022 10:42:07
[-76, -73, -59, -65, -69],09/03/2022 10:42:11
[-77, -75, -55, -65, -68],09/03/2022 10:42:15
[-75, -73, -54, -63, -71],09/03/2022 10:42:19
[-74, -73, -55, -66, -81],09/03/2022 10:42:24
[-76, -70, -55, -64, -69],09/03/2022 10:42:28
[-75, -70, -57, -63, -80],09/03/2022 10:42:32
[-75, -70, -60, -63, -82],09/03/2022 10:42:36
[-75, -70, -60, -65, -68],09/03/2022 10:42:40
[-73, -70, -60, -58, -70],09/03/2022 10:42:45
[-75, -75, -56, -66, -70],09/03/2022 10:42:49
[-74, -70, -55, -65, -69],09/03/2022 10:42:53
[-74, -74, -57, -58, -68],09/03/2022 10:42:57
[-74, -75, -56, -58, -69],09/03/2022 10:43:01
[-76, -70, -56, -58, -68],09/03/2022 10:43:06
[-74, -76, -57, -66, -68],09/03/2022 10:43:10
[-69, -74, -54, -65, -70],09/03/2022 10:43:14
[-69, -75, -56, -63, -69],09/03/2022 10:43:18
[-73, -69, -54, -63, -68],09/03/2022 10:43:22
[-73, -72, -55, -64, -69],09/03/2022 10:43:26
[-73, -73, -57, -58, -68],09/03/2022 10:43:30
[-73, -73, -59, -64, -82],09/03/2022 10:43:35
[-73, -75, -54, -66, -70],09/03/2022 10:43:39
[-69, -76, -59, -66, -81],09/03/2022 10:43:43
[-68, -73, -57, -65, -80],09/03/2022 10:43:47
[-73, -70, -56, -66, -69],09/03/2022 10:43:51
[-73, -69, -57, -63, -70],09/03/2022 10:43:55
[-72, -73, -57, -58, -84],09/03/2022 10:44:00
[-73, -69, -57, -63, -79],09/03/2022 10:44:04
[-69, -75, -60, -57, -70],09/03/2022 10:44:08
[-74, -74, -54, -64, -82],09/03/2022 10:44:12
[-68, -77, -60, -65, -70],09/03/2022 10:44:16
[-73, -69, -55, -64, -70],09/03/2022 10:44:21
[-73, -77, -54, -63, -70],09/03/2022 10:44:25
[-69, -73, -57, -64, -70],09/03/2022 10:44:29
[-73, -73, -60, -64, -68],09/03/2022 10:44:33
[-73, -78, -60, -65, -81],09/03/2022 10:44:37
[-73, -69, -60, -64, -81],09/03/2022 10:44:42
[-73, -69, -57, -66, -68],09/03/2022 10:44:45
[-72, -72, -54, -66, -68],09/03/2022 10:44:50
[-73, -71, -57, -58, -83],09/03/2022 10:44:54
[-73, -81, -57, -58, -79],09/03/2022 10:44:58
[-69, -68, -56, -58, -70],09/03/2022 10:45:02
[-69, -70, -55, -65, -69],09/03/2022 10:45:06
[-68, -71, -100, -65, -69],09/03/2022 10:45:11
[-69, -70, -56, -64, -70],09/03/2022 10:45:15
[-74, -73, -59, -58, -69],09/03/2022 10:45:19
[-73, -78, -56, -64, -69],09/03/2022 10:45:23
[-74, -79, -56, -65, -69],09/03/2022 10:45:27
[-100, -70, -55, -64, -71],09/03/2022 10:45:31
[-74, -70, -59, -64, -81],09/03/2022 10:45:35
[-74, -79, -55, -65, -69],09/03/2022 10:45:40
[-74, -72, -59, -58, -69],09/03/2022 10:45:44
[-74, -72, -56, -65, -69],09/03/2022 10:45:48
[-69, -72, -60, -58, -81],09/03/2022 10:45:52
[-68, -79, -59, -66, -81],09/03/2022 10:45:56
[-74, -78, -59, -59, -82],09/03/2022 10:46:00
[-74, -72, -56, -58, -68],09/03/2022 10:46:05
[-74, -73, -56, -58, -69],09/03/2022 10:46:09
[-74, -73, -55, -64, -69],09/03/2022 10:46:13
[-69, -73, -55, -63, -69],09/03/2022 10:46:17
[-74, -69, -56, -63, -68],09/03/2022 10:46:21
[-67, -70, -55, -65, -81],09/03/2022 10:46:25
[-73, -79, -55, -64, -69],09/03/2022 10:46:30
[-68, -70, -55, -65, -67],09/03/2022 10:46:34
[-73, -72, -56, -65, -68],09/03/2022 10:46:38
[-69, -73, -58, -65, -81],09/03/2022 10:46:42
[-73, -78, -58, -58, -69],09/03/2022 10:46:46
[-68, -77, -59, -64, -70],09/03/2022 10:46:50
[-73, -69, -60, -65, -69],09/03/2022 10:46:55
[-73, -77, -54, -58, -68],09/03/2022 10:46:59
[-73, -75, -59, -59, -81],09/03/2022 10:47:03
[-73, -73, -56, -58, -69],09/03/2022 10:47:07
[-73, -78, -54, -64, -82],09/03/2022 10:47:11
[-69, -77, -56, -65, -69],09/03/2022 10:47:16
[-73, -69, -56, -65, -79],09/03/2022 10:47:20
[-70, -69, -55, -66, -80],09/03/2022 10:47:24
[-69, -73, -54, -64, -69],09/03/2022 10:47:28
[-69, -74, -54, -65, -68],09/03/2022 10:47:32
[-74, -69, -54, -66, -69],09/03/2022 10:47:36
[-74, -77, -56, -59, -69],09/03/2022 10:47:40
[-73, -77, -59, -59, -68],09/03/2022 10:47:45
[-74, -78, -56, -63, -68],09/03/2022 10:47:49
[-73, -69, -60, -64, -69],09/03/2022 10:47:53
[-74, -78, -60, -64, -69],09/03/2022 10:47:57
[-73, -73, -53, -63, -68],09/03/2022 10:48:01
[-73, -74, -56, -64, -70],09/03/2022 10:48:05
[-73, -77, -54, -64, -80],09/03/2022 10:48:10
[-69, -78, -56, -64, -68],09/03/2022 10:48:14
[-69, -69, -57, -58, -68],09/03/2022 10:48:18
[-75, -68, -55, -65, -68],09/03/2022 10:48:22
[-69, -77, -60, -65, -81],09/03/2022 10:48:26
[-68, -72, -56, -58, -68],09/03/2022 10:48:30
[-73, -69, -55, -57, -69],09/03/2022 10:48:35
[-74, -76, -57, -58, -78],09/03/2022 10:48:39
[-74, -78, -56, -63, -80],09/03/2022 10:48:43
[-73, -69, -57, -58, -69],09/03/2022 10:48:47
[-73, -78, -56, -66, -70],09/03/2022 10:48:51
[-68, -78, -57, -63, -68],09/03/2022 10:48:56
[-68, -73, -54, -66, -69],09/03/2022 10:49:00
[-68, -73, -60, -63, -81],09/03/2022 10:49:04
[-69, -74, -55, -58, -80],09/03/2022 10:49:08
[-73, -76, -55, -57, -69],09/03/2022 10:49:12
[-73, -77, -55, -65, -70],09/03/2022 10:49:16
[-74, -69, -56, -57, -69],09/03/2022 10:49:20
[-73, -78, -56, -58, -69],09/03/2022 10:49:25
[-73, -73, -55, -64, -69],09/03/2022 10:49:29
[-73, -69, -57, -63, -69],09/03/2022 10:49:33
[-68, -72, -55, -65, -80],09/03/2022 10:49:37
[-73, -70, -54, -64, -81],09/03/2022 10:49:41
[-74, -78, -54, -66, -69],09/03/2022 10:49:45
[-73, -79, -54, -65, -70],09/03/2022 10:49:50
[-69, -78, -54, -66, -70],09/03/2022 10:49:54
[-68, -72, -54, -65, -84],09/03/2022 10:49:58
[-68, -72, -59, -66, -70],09/03/2022 10:50:02
[-68, -73, -59, -58, -83],09/03/2022 10:50:06
[-74, -78, -60, -58, -69],09/03/2022 10:50:11
[-68, -69, -54, -59, -68],09/03/2022 10:50:15
[-74, -70, -57, -64, -69],09/03/2022 10:50:19
[-73, -70, -54, -58, -69],09/03/2022 10:50:23
[-74, -70, -57, -66, -69],09/03/2022 10:50:27
[-73, -73, -54, -62, -80],09/03/2022 10:50:32
[-73, -77, -53, -65, -69],09/03/2022 10:50:36
[-74, -78, -54, -63, -79],09/03/2022 10:50:40
[-73, -77, -54, -58, -70],09/03/2022 10:50:44
[-73, -77, -61, -58, -69],09/03/2022 10:50:48
[-69, -76, -61, -58, -69],09/03/2022 10:50:52
[-73, -74, -55, -66, -69],09/03/2022 10:50:56
[-69, -73, -56, -58, -68],09/03/2022 10:51:01
[-69, -74, -100, -65, -68],09/03/2022 10:51:05
[-73, -74, -55, -61, -69],09/03/2022 10:51:09
[-73, -69, -58, -65, -69],09/03/2022 10:51:13
[-73, -69, -56, -65, -69],09/03/2022 10:51:17
[-73, -68, -56, -65, -79],09/03/2022 10:51:21
[-73, -69, -56, -58, -69],09/03/2022 10:51:25
[-69, -69, -59, -58, -69],09/03/2022 10:51:30
[-69, -69, -59, -65, -79],09/03/2022 10:51:34
[-69, -69, -54, -63, -79],09/03/2022 10:51:38
[-74, -69, -56, -63, -69],09/03/2022 10:51:42
[-73, -69, -56, -58, -69],09/03/2022 10:51:46
[-73, -78, -58, -58, -69],09/03/2022 10:51:51
[-72, -78, -59, -64, -69],09/03/2022 10:51:55
[-74, -78, -100, -100, -70],09/03/2022 10:51:59
[-73, -79, -58, -66, -82],09/03/2022 10:52:03
[-73, -79, -62, -65, -69],09/03/2022 10:52:07
[-73, -73, -62, -58, -69],09/03/2022 10:52:11
[-73, -76, -54, -65, -69],09/03/2022 10:52:16
[-75, -73, -56, -64, -69],09/03/2022 10:52:20
[-73, -77, -55, -63, -70],09/03/2022 10:52:24
[-69, -73, -57, -60, -69],09/03/2022 10:52:28
[-72, -69, -65, -59, -69],09/03/2022 10:52:32
[-74, -72, -55, -58, -70],09/03/2022 10:52:36
[-67, -73, -64, -61, -69],09/03/2022 10:52:41
[-70, -71, -64, -65, -79],09/03/2022 10:52:45
[-74, -71, -58, -64, -69],09/03/2022 10:52:49
[-78, -74, -56, -64, -80],09/03/2022 10:52:53
[-76, -76, -56, -65, -78],09/03/2022 10:52:57
[-74, -75, -56, -57, -70],09/03/2022 10:53:01
[-75, -72, -56, -58, -70],09/03/2022 10:53:06
[-76, -73, -56, -57, -70],09/03/2022 10:53:10
[-71, -72, -55, -59, -70],09/03/2022 10:53:14
[-71, -75, -56, -58, -71],09/03/2022 10:53:18
[-78, -72, -55, -65, -83],09/03/2022 10:53:22
[-71, -74, -59, -65, -70],09/03/2022 10:53:26
[-76, -71, -57, -66, -70],09/03/2022 10:53:31
[-69, -72, -57, -63, -69],09/03/2022 10:53:35
[-68, -73, -56, -59, -70],09/03/2022 10:53:39
[-69, -72, -56, -65, -85],09/03/2022 10:53:43
[-72, -73, -61, -59, -69],09/03/2022 10:53:47
[-74, -81, -55, -67, -83],09/03/2022 10:53:51
[-77, -73, -55, -64, -70],09/03/2022 10:53:56
[-73, -73, -55, -63, -69],09/03/2022 10:54:00
[-73, -73, -55, -64, -80],09/03/2022 10:54:04
[-69, -72, -55, -64, -69],09/03/2022 10:54:08
[-70, -71, -61, -57, -100],09/03/2022 10:54:12
[-75, -72, -60, -58, -70],09/03/2022 10:54:16
[-74, -72, -61, -65, -69],09/03/2022 10:54:21
[-69, -73, -62, -57, -69],09/03/2022 10:54:25
[-74, -76, -57, -65, -80],09/03/2022 10:54:29
[-74, -71, -57, -65, -68],09/03/2022 10:54:33
[-73, -72, -55, -58, -69],09/03/2022 10:54:37
[-73, -72, -61, -58, -69],09/03/2022 10:54:41
[-69, -72, -54, -58, -69],09/03/2022 10:54:46
[-71, -76, -54, -58, -79],09/03/2022 10:54:50
[-71, -76, -62, -58, -69],09/03/2022 10:54:54
[-72, -75, -60, -66, -68],09/03/2022 10:54:58
[-100, -75, -60, -66, -69],09/03/2022 10:55:02
[-73, -72, -59, -65, -70],09/03/2022 10:55:06
[-72, -71, -56, -65, -68],09/03/2022 10:55:10
[-72, -72, -54, -64, -68],09/03/2022 10:55:15
[-73, -70, -55, -58, -79],09/03/2022 10:55:19
[-73, -71, -56, -58, -80],09/03/2022 10:55:23
[-68, -74, -61, -58, -68],09/03/2022 10:55:27
[-74, -72, -60, -58, -68],09/03/2022 10:55:31
[-68, -74, -61, -63, -68],09/03/2022 10:55:35
[-74, -72, -55, -64, -81],09/03/2022 10:55:39
[-72, -73, -61, -64, -79],09/03/2022 10:55:44
[-72, -73, -56, -63, -80],09/03/2022 10:55:48
[-74, -76, -56, -64, -68],09/03/2022 10:55:52
[-72, -76, -56, -65, -70],09/03/2022 10:55:56
[-72, -70, -55, -64, -79],09/03/2022 10:56:01
[-68, -75, -57, -65, -78],09/03/2022 10:56:05
[-69, -73, -60, -65, -80],09/03/2022 10:56:09
[-69, -72, -55, -65, -69],09/03/2022 10:56:13
[-71, -72, -55, -58, -68],09/03/2022 10:56:17
[-76, -72, -55, -64, -68],09/03/2022 10:56:21
[-78, -71, -59, -64, -70],09/03/2022 10:56:25
[-79, -74, -60, -64, -70],09/03/2022 10:56:30
[-76, -72, -60, -65, -79],09/03/2022 10:56:34
[-79, -72, -59, -64, -68],09/03/2022 10:56:38
[-84, -73, -60, -65, -69],09/03/2022 10:56:42
[-71, -74, -61, -64, -69],09/03/2022 10:56:46
[-71, -73, -57, -66, -69],09/03/2022 10:56:50
[-71, -75, -57, -56, -69],09/03/2022 10:56:54
[-70, -72, -56, -60, -78],09/03/2022 10:56:59
[-73, -74, -56, -57, -69],09/03/2022 10:57:03
[-70, -73, -59, -55, -78],09/03/2022 10:57:07
[-71, -76, -55, -68, -70],09/03/2022 10:57:11
[-68, -71, -60, -63, -80],09/03/2022 10:57:16
[-67, -75, -55, -71, -69],09/03/2022 10:57:20
[-75, -73, -100, -60, -69],09/03/2022 10:57:24
[-75, -70, -55, -63, -77],09/03/2022 10:57:28
[-68, -71, -54, -74, -68],09/03/2022 10:57:32
[-73, -72, -54, -64, -70],09/03/2022 10:57:36
[-70, -75, -56, -59, -68],09/03/2022 10:57:41
[-72, -71, -62, -63, -72],09/03/2022 10:57:45
[-74, -73, -57, -61, -72],09/03/2022 10:57:49
[-75, -73, -58, -60, -71],09/03/2022 10:57:53
[-68, -73, -57, -60, -77],09/03/2022 10:57:57
[-67, -74, -60, -56, -70],09/03/2022 10:58:01
[-68, -74, -63, -62, -77],09/03/2022 10:58:05
[-68, -74, -63, -57, -82],09/03/2022 10:58:10
[-68, -74, -63, -64, -70],09/03/2022 10:58:14
[-74, -74, -65, -65, -69],09/03/2022 10:58:18
[-72, -72, -54, -66, -72],09/03/2022 10:58:22
[-73, -71, -52, -67, -75],09/03/2022 10:58:26
[-73, -73, -53, -57, -78],09/03/2022 10:58:30
[-100, -72, -55, -63, -67],09/03/2022 10:58:34
[-68, -73, -54, -57, -70],09/03/2022 10:58:39
[-72, -74, -60, -57, -69],09/03/2022 10:58:43
[-71, -73, -72, -56, -71],09/03/2022 10:58:47
[-71, -73, -62, -61, -68],09/03/2022 10:58:51
[-76, -73, -58, -66, -83],09/03/2022 10:58:55
[-73, -73, -58, -66, -81],09/03/2022 10:58:59
[-73, -72, -53, -67, -68],09/03/2022 10:59:04
[-72, -74, -53, -63, -81],09/03/2022 10:59:08
[-70, -72, -53, -63, -68],09/03/2022 10:59:12
[-68, -74, -53, -61, -68],09/03/2022 10:59:16
[-71, -73, -57, -63, -72],09/03/2022 10:59:20
[-68, -75, -61, -62, -72],09/03/2022 10:59:25
[-73, -73, -55, -72, -69],09/03/2022 10:59:29
[-75, -76, -61, -71, -69],09/03/2022 10:59:33
[-68, -72, -52, -71, -68],09/03/2022 10:59:37
[-69, -74, -52, -71, -69],09/03/2022 10:59:41
[-68, -73, -59, -65, -69],09/03/2022 10:59:45
[-71, -73, -52, -66, -68],09/03/2022 10:59:49
[-79, -74, -59, -58, -69],09/03/2022 10:59:54
[-75, -73, -59, -64, -80],09/03/2022 10:59:58
[-75, -75, -61, -58, -81],09/03/2022 11:00:02
[-76, -76, -59, -63, -69],09/03/2022 11:00:06
[-69, -73, -60, -63, -69],09/03/2022 11:00:10
[-69, -74, -60, -66, -81],09/03/2022 11:00:15
[-68, -74, -57, -64, -80],09/03/2022 11:00:19
[-69, -73, -57, -64, -82],09/03/2022 11:00:23
[-71, -72, -58, -57, -70],09/03/2022 11:00:27
[-71, -73, -58, -57, -68],09/03/2022 11:00:31
[-74, -72, -58, -63, -68],09/03/2022 11:00:35
[-71, -75, -53, -57, -67],09/03/2022 11:00:39
[-77, -73, -58, -66, -69],09/03/2022 11:00:44
[-78, -74, -56, -64, -75],09/03/2022 11:00:48
[-68, -71, -54, -65, -68],09/03/2022 11:00:52
[-68, -74, -52, -71, -75],09/03/2022 11:00:56
[-69, -73, -55, -72, -74],09/03/2022 11:01:00
[-75, -74, -54, -68, -72],09/03/2022 11:01:05
[-71, -74, -54, -70, -71],09/03/2022 11:01:09
[-72, -73, -55, -63, -77],09/03/2022 11:01:13
[-68, -71, -55, -69, -71],09/03/2022 11:01:17
[-72, -73, -54, -64, -76],09/03/2022 11:01:21
[-68, -71, -53, -63, -68],09/03/2022 11:01:25
[-75, -72, -54, -62, -68],09/03/2022 11:01:29
[-71, -71, -55, -63, -72],09/03/2022 11:01:34
[-72, -75, -55, -63, -71],09/03/2022 11:01:38
[-72, -76, -55, -100, -100],09/03/2022 11:01:42
[-71, -73, -56, -61, -71],09/03/2022 11:01:46
[-69, -75, -56, -62, -78],09/03/2022 11:01:50
[-69, -72, -56, -62, -72],09/03/2022 11:01:54
[-68, -74, -55, -63, -72],09/03/2022 11:01:59
[-68, -72, -55, -70, -68],09/03/2022 11:02:03
[-68, -73, -54, -71, -68],09/03/2022 11:02:07
[-73, -73, -55, -73, -68],09/03/2022 11:02:11
[-73, -77, -54, -74, -77],09/03/2022 11:02:15
[-73, -72, -57, -70, -69],09/03/2022 11:02:19
[-68, -75, -56, -62, -79],09/03/2022 11:02:24
[-75, -73, -55, -64, -78],09/03/2022 11:02:28
[-71, -75, -54, -64, -71],09/03/2022 11:02:32
[-67, -73, -54, -63, -78],09/03/2022 11:02:36
[-72, -75, -55, -63, -79],09/03/2022 11:02:40
[-68, -75, -54, -71, -69],09/03/2022 11:02:44
[-73, -76, -54, -70, -72],09/03/2022 11:02:49
[-67, -73, -54, -68, -69],09/03/2022 11:02:53
[-74, -71, -55, -67, -71],09/03/2022 11:02:57
[-72, -72, -52, -73, -71],09/03/2022 11:03:01
[-73, -73, -55, -62, -68],09/03/2022 11:03:05
[-75, -75, -53, -63, -68],09/03/2022 11:03:10
[-68, -75, -54, -71, -68],09/03/2022 11:03:14
[-72, -71, -54, -71, -69],09/03/2022 11:03:18
[-71, -77, -57, -62, -77],09/03/2022 11:03:22
[-72, -72, -56, -61, -72],09/03/2022 11:03:26
[-69, -74, -54, -63, -71],09/03/2022 11:03:30
[-74, -73, -54, -61, -77],09/03/2022 11:03:35
[-65, -72, -53, -57, -72],09/03/2022 11:03:39
[-69, -74, -58, -57, -69],09/03/2022 11:03:43
[-71, -74, -54, -65, -72],09/03/2022 11:03:47
[-70, -74, -53, -65, -68],09/03/2022 11:03:51
[-70, -73, -54, -65, -100],09/03/2022 11:03:55
[-74, -73, -56, -68, -71],09/03/2022 11:03:59
[-72, -75, -54, -60, -69],09/03/2022 11:04:04
[-69, -75, -53, -59, -72],09/03/2022 11:04:08
[-68, -77, -54, -64, -72],09/03/2022 11:04:12
[-70, -76, -52, -62, -71],09/03/2022 11:04:16
[-67, -73, -54, -69, -67],09/03/2022 11:04:20
[-68, -72, -54, -65, -68],09/03/2022 11:04:24
[-68, -72, -53, -66, -69],09/03/2022 11:04:29
[-68, -74, -57, -67, -68],09/03/2022 11:04:33
[-73, -100, -57, -67, -72],09/03/2022 11:04:37
[-72, -72, -57, -70, -76],09/03/2022 11:04:41
[-73, -73, -54, -69, -76],09/03/2022 11:04:45
[-65, -73, -57, -58, -77],09/03/2022 11:04:50
[-74, -73, -57, -67, -67],09/03/2022 11:04:54
[-74, -75, -54, -100, -76],09/03/2022 11:04:58
[-73, -71, -56, -70, -76],09/03/2022 11:05:02
[-67, -73, -54, -70, -76],09/03/2022 11:05:06
[-73, -74, -54, -58, -75],09/03/2022 11:05:10
[-68, -73, -54, -70, -77],09/03/2022 11:05:14
[-73, -74, -55, -70, -71],09/03/2022 11:05:19
[-68, -72, -54, -57, -71],09/03/2022 11:05:23
[-74, -74, -55, -58, -75],09/03/2022 11:05:27
[-73, -73, -56, -58, -72],09/03/2022 11:05:31
[-73, -73, -57, -57, -68],09/03/2022 11:05:35
[-74, -73, -54, -65, -75],09/03/2022 11:05:39
[-73, -73, -57, -70, -76],09/03/2022 11:05:44
[-68, -72, -53, -68, -78],09/03/2022 11:05:48
[-73, -73, -54, -67, -77],09/03/2022 11:05:52
[-100, -71, -54, -67, -68],09/03/2022 11:05:56
[-68, -72, -56, -70, -72],09/03/2022 11:06:00
[-68, -72, -54, -68, -71],09/03/2022 11:06:04
[-68, -73, -54, -59, -72],09/03/2022 11:06:09
[-68, -73, -57, -66, -72],09/03/2022 11:06:13
[-68, -73, -57, -69, -69],09/03/2022 11:06:17
[-68, -72, -56, -70, -68],09/03/2022 11:06:21
[-68, -71, -57, -59, -68],09/03/2022 11:06:25
[-68, -73, -53, -70, -72],09/03/2022 11:06:29
[-72, -72, -53, -66, -72],09/03/2022 11:06:33
[-72, -74, -53, -59, -67],09/03/2022 11:06:38
[-68, -72, -54, -59, -68],09/03/2022 11:06:42
[-100, -73, -54, -59, -76],09/03/2022 11:06:46
[-72, -73, -54, -59, -68],09/03/2022 11:06:50
[-73, -74, -57, -59, -77],09/03/2022 11:06:54
[-73, -74, -55, -66, -77],09/03/2022 11:06:58
[-100, -73, -54, -67, -76],09/03/2022 11:07:03
[-67, -73, -54, -66, -77],09/03/2022 11:07:07
[-68, -75, -56, -58, -67],09/03/2022 11:07:11
[-71, -73, -57, -71, -78],09/03/2022 11:07:15
[-68, -74, -56, -71, -70],09/03/2022 11:07:19
[-73, -74, -57, -73, -77],09/03/2022 11:07:23
[-73, -73, -53, -72, -78],09/03/2022 11:07:28
[-73, -74, -54, -72, -76],09/03/2022 11:07:32
[-73, -74, -54, -58, -73],09/03/2022 11:07:36
[-68, -72, -54, -57, -72],09/03/2022 11:07:40
[-68, -74, -54, -58, -72],09/03/2022 11:07:44
[-68, -73, -57, -58, -77],09/03/2022 11:07:49
[-68, -72, -57, -58, -68],09/03/2022 11:07:53
[-68, -72, -54, -69, -68],09/03/2022 11:07:57
[-73, -74, -53, -70, -68],09/03/2022 11:08:01
[-73, -74, -54, -71, -67],09/03/2022 11:08:05
[-68, -71, -54, -70, -67],09/03/2022 11:08:09
[-72, -74, -55, -58, -77],09/03/2022 11:08:14
[-73, -72, -55, -59, -75],09/03/2022 11:08:18
[-68, -73, -54, -58, -76],09/03/2022 11:08:22
[-73, -74, -53, -58, -75],09/03/2022 11:08:26
[-74, -72, -54, -59, -78],09/03/2022 11:08:30
[-68, -73, -54, -66, -77],09/03/2022 11:08:34
[-73, -74, -54, -66, -72],09/03/2022 11:08:39
[-73, -74, -55, -71, -74],09/03/2022 11:08:43
[-73, -73, -53, -66, -77],09/03/2022 11:08:47
[-73, -73, -53, -66, -72],09/03/2022 11:08:51
[-67, -73, -57, -70, -72],09/03/2022 11:08:55
[-68, -72, -56, -66, -72],09/03/2022 11:08:59
[-73, -73, -54, -71, -71],09/03/2022 11:09:04
[-67, -73, -54, -66, -72],09/03/2022 11:09:08
[-73, -73, -53, -58, -69],09/03/2022 11:09:12
[-74, -74, -57, -66, -68],09/03/2022 11:09:16
[-73, -72, -53, -66, -68],09/03/2022 11:09:20
[-73, -73, -100, -71, -72],09/03/2022 11:09:24
[-73, -71, -53, -66, -68],09/03/2022 11:09:29
[-72, -73, -53, -71, -72],09/03/2022 11:09:33
[-67, -73, -53, -70, -72],09/03/2022 11:09:37
[-67, -73, -55, -66, -76],09/03/2022 11:09:41
[-73, -73, -54, -70, -72],09/03/2022 11:09:45
[-68, -73, -54, -58, -68],09/03/2022 11:09:49
[-65, -72, -56, -66, -68],09/03/2022 11:09:54
[-72, -73, -54, -67, -69],09/03/2022 11:09:58
[-68, -73, -53, -58, -78],09/03/2022 11:10:02
[-67, -72, -56, -58, -69],09/03/2022 11:10:06
[-68, -72, -52, -66, -69],09/03/2022 11:10:10
[-68, -74, -53, -66, -68],09/03/2022 11:10:14
[-73, -72, -53, -72, -69],09/03/2022 11:10:19
[-73, -73, -57, -66, -68],09/03/2022 11:10:23
[-73, -73, -54, -67, -67],09/03/2022 11:10:27
[-67, -74, -54, -73, -77],09/03/2022 11:10:31
[-67, -72, -54, -67, -77],09/03/2022 11:10:35
[-73, -74, -52, -72, -68],09/03/2022 11:10:40
[-73, -74, -55, -73, -76],09/03/2022 11:10:44
[-73, -74, -57, -73, -72],09/03/2022 11:10:48
[-68, -74, -57, -66, -72],09/03/2022 11:10:52
[-73, -71, -57, -67, -100],09/03/2022 11:10:56
[-73, -74, -54, -68, -68],09/03/2022 11:11:00
[-74, -71, -56, -68, -67],09/03/2022 11:11:05
[-74, -72, -56, -66, -76],09/03/2022 11:11:09
[-75, -72, -56, -72, -76],09/03/2022 11:11:13
[-72, -75, -58, -72, -76],09/03/2022 11:11:17
[-74, -72, -55, -72, -75],09/03/2022 11:11:21
[-73, -71, -57, -72, -67],09/03/2022 11:11:25
[-68, -72, -57, -68, -72],09/03/2022 11:11:30
[-68, -73, -53, -71, -77],09/03/2022 11:11:34
[-68, -73, -58, -68, -71],09/03/2022 11:11:38
[-73, -75, -55, -58, -68],09/03/2022 11:11:42
[-74, -74, -55, -67, -68],09/03/2022 11:11:46
[-73, -73, -55, -72, -67],09/03/2022 11:11:50
[-68, -72, -56, -71, -68],09/03/2022 11:11:55
[-67, -72, -57, -71, -68],09/03/2022 11:11:59
[-67, -72, -53, -71, -67],09/03/2022 11:12:03
[-68, -71, -54, -71, -78],09/03/2022 11:12:07
[-71, -75, -53, -66, -76],09/03/2022 11:12:11
[-73, -72, -54, -67, -68],09/03/2022 11:12:15
[-72, -72, -54, -58, -76],09/03/2022 11:12:20
[-73, -72, -56, -59, -68],09/03/2022 11:12:24
[-74, -73, -57, -69, -72],09/03/2022 11:12:28
[-73, -72, -56, -69, -74],09/03/2022 11:12:32
[-73, -75, -57, -71, -76],09/03/2022 11:12:36
[-72, -72, -55, -68, -75],09/03/2022 11:12:41
[-72, -74, -54, -73, -75],09/03/2022 11:12:45
[-73, -74, -54, -58, -71],09/03/2022 11:12:49
[-68, -75, -54, -58, -75],09/03/2022 11:12:53
[-68, -71, -57, -58, -68],09/03/2022 11:12:57
[-73, -74, -58, -59, -75],09/03/2022 11:13:01
[-68, -72, -58, -68, -72],09/03/2022 11:13:06
[-67, -72, -57, -70, -71],09/03/2022 11:13:10
[-100, -72, -58, -66, -75],09/03/2022 11:13:14
[-68, -71, -54, -71, -72],09/03/2022 11:13:18
[-67, -72, -57, -67, -72],09/03/2022 11:13:22
[-68, -72, -59, -58, -67],09/03/2022 11:13:26
[-74, -71, -58, -58, -75],09/03/2022 11:13:31
[-74, -72, -58, -57, -69],09/03/2022 11:13:35
[-67, -100, -53, -71, -68],09/03/2022 11:13:39
[-74, -73, -54, -70, -69],09/03/2022 11:13:43
[-74, -72, -54, -66, -72],09/03/2022 11:13:47
[-67, -71, -55, -67, -71],09/03/2022 11:13:51
[-73, -72, -55, -66, -71],09/03/2022 11:13:56
[-72, -100, -56, -67, -71],09/03/2022 11:14:00
[-71, -73, -57, -70, -71],09/03/2022 11:14:04
[-67, -72, -57, -58, -76],09/03/2022 11:14:08
[-72, -74, -58, -70, -71],09/03/2022 11:14:12
[-73, -72, -54, -71, -72],09/03/2022 11:14:16
[-68, -71, -55, -71, -76],09/03/2022 11:14:20
[-73, -71, -54, -67, -69],09/03/2022 11:14:25
[-72, -75, -57, -67, -68],09/03/2022 11:14:29
[-73, -72, -55, -59, -71],09/03/2022 11:14:33
[-72, -73, -53, -58, -68],09/03/2022 11:14:37
[-74, -73, -58, -58, -74],09/03/2022 11:14:41
[-72, -71, -52, -66, -75],09/03/2022 11:14:45
[-68, -71, -53, -58, -75],09/03/2022 11:14:50
[-68, -73, -55, -71, -74],09/03/2022 11:14:54
[-66, -73, -57, -67, -74],09/03/2022 11:14:58
[-68, -73, -54, -58, -71],09/03/2022 11:15:02
[-67, -73, -57, -58, -72],09/03/2022 11:15:06
[-74, -73, -59, -58, -71],09/03/2022 11:15:10
[-73, -73, -53, -59, -76],09/03/2022 11:15:15
[-73, -74, -52, -58, -75],09/03/2022 11:15:19
[-72, -73, -53, -70, -69],09/03/2022 11:15:23
[-67, -72, -55, -66, -68],09/03/2022 11:15:27
[-68, -72, -53, -70, -68],09/03/2022 11:15:31
[-67, -74, -57, -58, -68],09/03/2022 11:15:36
[-73, -74, -57, -59, -76],09/03/2022 11:15:40
[-68, -74, -55, -59, -69],09/03/2022 11:15:44
[-73, -73, -56, -58, -75],09/03/2022 11:15:48
[-74, -75, -54, -70, -75],09/03/2022 11:15:52
[-73, -70, -54, -66, -75],09/03/2022 11:15:56
[-73, -73, -54, -66, -73],09/03/2022 11:16:01
[-73, -74, -54, -65, -71],09/03/2022 11:16:05
[-100, -73, -56, -66, -100],09/03/2022 11:16:09
[-73, -72, -58, -71, -68],09/03/2022 11:16:13
[-68, -73, -56, -66, -79],09/03/2022 11:16:17
[-68, -75, -54, -70, -72],09/03/2022 11:16:22
[-72, -74, -55, -70, -68],09/03/2022 11:16:26
[-100, -72, -53, -58, -72],09/03/2022 11:16:30
[-67, -72, -57, -71, -79],09/03/2022 11:16:34
[-67, -74, -57, -70, -71],09/03/2022 11:16:38
[-72, -75, -58, -66, -78],09/03/2022 11:16:42
[-74, -74, -53, -58, -77],09/03/2022 11:16:46
[-74, -73, -56, -58, -72],09/03/2022 11:16:51
[-73, -72, -56, -58, -78],09/03/2022 11:16:55
[-73, -72, -55, -71, -71],09/03/2022 11:16:59
[-69, -72, -54, -58, -70],09/03/2022 11:17:03
[-69, -70, -55, -64, -70],09/03/2022 11:17:07
[-72, -74, -55, -66, -70],09/03/2022 11:17:12
[-71, -73, -54, -61, -69],09/03/2022 11:17:16
[-72, -76, -61, -71, -70],09/03/2022 11:17:20
[-70, -71, -57, -69, -84],09/03/2022 11:17:24
[-68, -72, -55, -69, -70],09/03/2022 11:17:28
[-72, -74, -56, -60, -69],09/03/2022 11:17:32
[-69, -74, -55, -65, -72],09/03/2022 11:17:37
[-71, -76, -55, -62, -72],09/03/2022 11:17:41
[-73, -74, -62, -74, -79],09/03/2022 11:17:45
[-74, -74, -57, -64, -72],09/03/2022 11:17:49
[-75, -71, -58, -74, -69],09/03/2022 11:17:53
[-74, -70, -57, -77, -70],09/03/2022 11:17:58
[-75, -71, -56, -80, -69],09/03/2022 11:18:02
[-68, -72, -56, -64, -73],09/03/2022 11:18:06
[-69, -76, -56, -66, -70],09/03/2022 11:18:10
[-69, -73, -61, -57, -83],09/03/2022 11:18:14
[-69, -71, -55, -66, -69],09/03/2022 11:18:18
[-78, -72, -54, -59, -71],09/03/2022 11:18:23
[-73, -73, -58, -65, -70],09/03/2022 11:18:27
[-74, -70, -60, -66, -79],09/03/2022 11:18:31
[-68, -71, -59, -66, -80],09/03/2022 11:18:35
[-73, -72, -61, -66, -70],09/03/2022 11:18:39
[-71, -72, -60, -58, -69],09/03/2022 11:18:43
[-72, -73, -56, -67, -70],09/03/2022 11:18:48
[-72, -71, -56, -66, -70],09/03/2022 11:18:52
[-74, -71, -59, -58, -68],09/03/2022 11:18:56
[-72, -71, -59, -59, -69],09/03/2022 11:19:00
[-69, -71, -59, -58, -100],09/03/2022 11:19:04
[-69, -72, -60, -58, -79],09/03/2022 11:19:09
[-70, -71, -61, -58, -80],09/03/2022 11:19:13
[-72, -75, -55, -65, -69],09/03/2022 11:19:17
[-72, -72, -61, -68, -69],09/03/2022 11:19:21
[-72, -71, -60, -66, -69],09/03/2022 11:19:25
[-72, -71, -59, -66, -70],09/03/2022 11:19:29
[-74, -72, -59, -67, -69],09/03/2022 11:19:33
[-73, -72, -62, -58, -69],09/03/2022 11:19:38
[-68, -72, -59, -58, -68],09/03/2022 11:19:42
[-68, -74, -55, -58, -81],09/03/2022 11:19:46
[-71, -71, -55, -59, -100],09/03/2022 11:19:50
[-68, -73, -60, -66, -68],09/03/2022 11:19:54
[-71, -73, -55, -66, -80],09/03/2022 11:19:58
[-72, -73, -55, -66, -68],09/03/2022 11:20:03
[-68, -73, -60, -66, -81],09/03/2022 11:20:07
[-72, -72, -61, -66, -69],09/03/2022 11:20:11
[-72, -73, -60, -59, -69],09/03/2022 11:20:15
[-72, -72, -60, -58, -69],09/03/2022 11:20:19
[-71, -72, -55, -66, -79],09/03/2022 11:20:24
[-72, -73, -57, -66, -69],09/03/2022 11:20:28
[-72, -73, -59, -66, -81],09/03/2022 11:20:32
[-71, -73, -60, -66, -78],09/03/2022 11:20:36
[-68, -72, -55, -66, -79],09/03/2022 11:20:40
[-71, -74, -60, -66, -80],09/03/2022 11:20:44
[-72, -73, -61, -66, -79],09/03/2022 11:20:49
[-69, -74, -55, -66, -69],09/03/2022 11:20:53
[-69, -74, -60, -66, -77],09/03/2022 11:20:57
[-72, -72, -55, -67, -69],09/03/2022 11:21:01
[-73, -72, -58, -66, -78],09/03/2022 11:21:05
[-73, -73, -59, -66, -77],09/03/2022 11:21:09
[-72, -73, -60, -59, -68],09/03/2022 11:21:14
[-71, -73, -59, -66, -68],09/03/2022 11:21:18
[-73, -72, -62, -65, -68],09/03/2022 11:21:22
[-72, -72, -60, -66, -69],09/03/2022 11:21:26
[-73, -72, -55, -66, -79],09/03/2022 11:21:30
[-71, -72, -55, -59, -69],09/03/2022 11:21:34
[-68, -72, -60, -66, -68],09/03/2022 11:21:38
[-73, -70, -60, -58, -77],09/03/2022 11:21:43
[-71, -72, -59, -57, -69],09/03/2022 11:21:47
[-71, -71, -55, -65, -79],09/03/2022 11:21:51
[-69, -73, -61, -65, -100],09/03/2022 11:21:55
[-69, -72, -55, -66, -68],09/03/2022 11:21:59
[-74, -72, -57, -65, -69],09/03/2022 11:22:04
[-73, -72, -57, -65, -69],09/03/2022 11:22:08
[-73, -73, -61, -58, -81],09/03/2022 11:22:12
[-72, -73, -61, -58, -69],09/03/2022 11:22:16
[-72, -71, -61, -58, -81],09/03/2022 11:22:20
[-71, -72, -57, -66, -82],09/03/2022 11:22:24
[-74, -73, -55, -66, -70],09/03/2022 11:22:29
[-71, -72, -58, -66, -71],09/03/2022 11:22:33
[-69, -71, -56, -66, -70],09/03/2022 11:22:37
[-68, -72, -61, -64, -73],09/03/2022 11:22:41
[-73, -72, -57, -66, -71],09/03/2022 11:22:46
[-72, -73, -54, -58, -68],09/03/2022 11:22:50
[-73, -72, -57, -57, -68],09/03/2022 11:22:54
[-74, -73, -64, -58, -69],09/03/2022 11:22:58
[-69, -73, -54, -59, -69],09/03/2022 11:23:02
[-72, -74, -54, -58, -69],09/03/2022 11:23:06
[-73, -73, -54, -66, -80],09/03/2022 11:23:10
[-68, -73, -54, -67, -70],09/03/2022 11:23:14
[-69, -72, -54, -66, -69],09/03/2022 11:23:19
[-69, -71, -59, -67, -78],09/03/2022 11:23:23
[-69, -73, -67, -66, -100],09/03/2022 11:23:27
[-68, -73, -67, -59, -78],09/03/2022 11:23:31
[-71, -100, -54, -60, -79],09/03/2022 11:23:35
[-74, -100, -54, -66, -77],09/03/2022 11:23:39
[-73, -72, -54, -65, -77],09/03/2022 11:23:43
[-74, -72, -57, -65, -69],09/03/2022 11:23:48
[-73, -72, -58, -66, -69],09/03/2022 11:23:52
[-69, -72, -64, -66, -79],09/03/2022 11:23:56
[-72, -72, -54, -66, -69],09/03/2022 11:24:00
[-74, -73, -54, -100, -80],09/03/2022 11:24:04
[-68, -73, -54, -66, -69],09/03/2022 11:24:08
[-74, -72, -54, -59, -68],09/03/2022 11:24:13
[-74, -71, -54, -59, -68],09/03/2022 11:24:17
[-74, -73, -67, -59, -68],09/03/2022 11:24:21
[-69, -71, -64, -59, -78],09/03/2022 11:24:25
[-73, -72, -62, -66, -78],09/03/2022 11:24:29
[-72, -72, -54, -66, -68],09/03/2022 11:24:33
[-71, -72, -59, -65, -68],09/03/2022 11:24:38
[-72, -72, -54, -66, -79],09/03/2022 11:24:42
[-73, -71, -54, -66, -69],09/03/2022 11:24:46
[-72, -71, -58, -59, -69],09/03/2022 11:24:50
[-69, -72, -55, -59, -69],09/03/2022 11:24:54
[-74, -72, -54, -59, -69],09/03/2022 11:24:59
[-69, -71, -54, -59, -69],09/03/2022 11:25:03
[-69, -73, -54, -66, -70],09/03/2022 11:25:07
[-74, -71, -54, -59, -70],09/03/2022 11:25:11
[-72, -72, -54, -65, -68],09/03/2022 11:25:15
[-72, -72, -66, -65, -68],09/03/2022 11:25:19
[-72, -71, -54, -66, -68],09/03/2022 11:25:24
[-73, -73, -54, -66, -100],09/03/2022 11:25:28
[-72, -72, -55, -65, -69],09/03/2022 11:25:32
[-69, -72, -59, -67, -70],09/03/2022 11:25:36
[-69, -72, -65, -65, -70],09/03/2022 11:25:40
[-69, -72, -59, -59, -68],09/03/2022 11:25:44
[-69, -72, -59, -59, -68],09/03/2022 11:25:48
[-75, -72, -59, -66, -69],09/03/2022 11:25:53
[-75, -70, -66, -60, -68],09/03/2022 11:25:57
[-75, -71, -55, -60, -68],09/03/2022 11:26:01
[-74, -73, -54, -66, -69],09/03/2022 11:26:05
[-72, -73, -55, -66, -79],09/03/2022 11:26:09
[-71, -72, -67, -66, -69],09/03/2022 11:26:14
[-73, -73, -59, -67, -78],09/03/2022 11:26:18
[-72, -72, -63, -66, -69],09/03/2022 11:26:22
[-75, -71, -60, -59, -68],09/03/2022 11:26:26
[-74, -71, -54, -59, -68],09/03/2022 11:26:30
[-75, -72, -63, -59, -68],09/03/2022 11:26:35
[-69, -72, -54, -58, -70],09/03/2022 11:26:39
[-74, -72, -54, -66, -79],09/03/2022 11:26:43
[-72, -73, -54, -66, -77],09/03/2022 11:26:47
[-74, -70, -59, -65, -69],09/03/2022 11:26:51
[-72, -72, -64, -66, -78],09/03/2022 11:26:55
[-72, -72, -54, -66, -69],09/03/2022 11:26:59
[-74, -73, -63, -67, -70],09/03/2022 11:27:04
[-68, -70, -54, -67, -70],09/03/2022 11:27:08
[-69, -72, -54, -67, -70],09/03/2022 11:27:12
[-72, -72, -54, -66, -79],09/03/2022 11:27:16
[-69, -73, -59, -67, -68],09/03/2022 11:27:20
[-71, -72, -60, -59, -69],09/03/2022 11:27:25
[-75, -73, -63, -58, -69],09/03/2022 11:27:29
[-74, -72, -54, -59, -67],09/03/2022 11:27:33
[-75, -72, -55, -60, -69],09/03/2022 11:27:37
[-73, -73, -54, -65, -78],09/03/2022 11:27:41
[-69, -73, -54, -66, -79],09/03/2022 11:27:45
[-72, -71, -55, -66, -69],09/03/2022 11:27:49
[-72, -72, -67, -66, -69],09/03/2022 11:27:54
[-74, -72, -55, -66, -69],09/03/2022 11:27:58
[-75, -71, -66, -66, -100],09/03/2022 11:28:02
[-71, -72, -54, -66, -69],09/03/2022 11:28:06
[-68, -71, -64, -67, -68],09/03/2022 11:28:10
[-73, -72, -60, -66, -69],09/03/2022 11:28:15
[-69, -72, -60, -67, -78],09/03/2022 11:28:19
[-71, -72, -61, -60, -79],09/03/2022 11:28:23
[-74, -72, -54, -59, -70],09/03/2022 11:28:27
[-74, -73, -54, -66, -78],09/03/2022 11:28:31
[-69, -71, -54, -67, -69],09/03/2022 11:28:36
[-69, -72, -54, -66, -69],09/03/2022 11:28:40
[-69, -72, -54, -66, -70],09/03/2022 11:28:44
[-71, -73, -54, -65, -68],09/03/2022 11:28:48
[-74, -71, -61, -59, -68],09/03/2022 11:28:52
[-71, -72, -54, -59, -71],09/03/2022 11:28:56
[-68, -72, -55, -59, -69],09/03/2022 11:29:00
[-68, -72, -54, -59, -68],09/03/2022 11:29:05
[-69, -72, -64, -67, -69],09/03/2022 11:29:09
[-69, -72, -52, -60, -69],09/03/2022 11:29:13
[-69, -71, -54, -59, -79],09/03/2022 11:29:17
[-69, -72, -55, -65, -79],09/03/2022 11:29:21
[-72, -72, -58, -66, -78],09/03/2022 11:29:25
[-74, -72, -62, -65, -69],09/03/2022 11:29:30
[-71, -72, -54, -66, -78],09/03/2022 11:29:34
[-75, -72, -54, -66, -68],09/03/2022 11:29:38
[-75, -73, -54, -67, -69],09/03/2022 11:29:42
[-75, -73, -54, -66, -68],09/03/2022 11:29:46
[-69, -73, -61, -66, -69],09/03/2022 11:29:51
[-68, -73, -58, -67, -69],09/03/2022 11:29:55
[-72, -72, -59, -59, -69],09/03/2022 11:29:59
[-68, -73, -61, -59, -69],09/03/2022 11:30:03
[-74, -73, -58, -59, -69],09/03/2022 11:30:07
[-75, -73, -54, -59, -69],09/03/2022 11:30:11
[-75, -71, -55, -59, -78],09/03/2022 11:30:16
[-74, -72, -55, -67, -78],09/03/2022 11:30:20
[-71, -72, -54, -66, -79],09/03/2022 11:30:24
[-72, -73, -61, -67, -78],09/03/2022 11:30:28
[-72, -71, -60, -67, -82],09/03/2022 11:30:32
[-100, -72, -54, -68, -70],09/03/2022 11:30:36
[-68, -73, -61, -59, -70],09/03/2022 11:30:41
[-69, -71, -61, -66, -70],09/03/2022 11:30:45
[-71, -70, -57, -67, -70],09/03/2022 11:30:49
[-75, -71, -57, -68, -77],09/03/2022 11:30:53
[-74, -72, -62, -59, -72],09/03/2022 11:30:57
[-69, -72, -57, -68, -71],09/03/2022 11:31:01
[-72, -72, -57, -59, -69],09/03/2022 11:31:06
[-68, -73, -54, -59, -79],09/03/2022 11:31:10
[-71, -74, -56, -59, -78],09/03/2022 11:31:14
[-72, -72, -57, -68, -80],09/03/2022 11:31:18
[-74, -72, -57, -66, -78],09/03/2022 11:31:22
[-71, -72, -59, -67, -69],09/03/2022 11:31:27
[-69, -73, -61, -67, -69],09/03/2022 11:31:31
[-69, -73, -62, -58, -69],09/03/2022 11:31:35
[-69, -72, -62, -59, -69],09/03/2022 11:31:39
[-72, -72, -62, -58, -100],09/03/2022 11:31:43
[-70, -100, -55, -67, -68],09/03/2022 11:31:47
[-74, -73, -55, -66, -69],09/03/2022 11:31:52
[-73, -73, -59, -67, -70],09/03/2022 11:31:56
[-74, -73, -58, -68, -77],09/03/2022 11:32:00
[-68, -72, -58, -67, -76],09/03/2022 11:32:04
[-72, -70, -55, -67, -69],09/03/2022 11:32:08
[-69, -72, -55, -66, -69],09/03/2022 11:32:12
[-69, -73, -55, -59, -76],09/03/2022 11:32:17
[-73, -73, -58, -66, -69],09/03/2022 11:32:21
[-71, -72, -55, -58, -69],09/03/2022 11:32:25
[-72, -72, -63, -59, -69],09/03/2022 11:32:29
[-75, -72, -63, -66, -68],09/03/2022 11:32:33
[-72, -72, -62, -67, -68],09/03/2022 11:32:37
[-68, -74, -62, -59, -68],09/03/2022 11:32:41
[-69, -73, -58, -66, -68],09/03/2022 11:32:46
[-71, -74, -55, -100, -69],09/03/2022 11:32:50
[-69, -73, -55, -66, -76],09/03/2022 11:32:54
[-73, -74, -100, -67, -75],09/03/2022 11:32:58
[-75, -72, -55, -59, -76],09/03/2022 11:33:02
[-71, -71, -100, -66, -77],09/03/2022 11:33:07
[-74, -73, -62, -58, -69],09/03/2022 11:33:11
[-73, -72, -60, -67, -69],09/03/2022 11:33:15
[-69, -71, -55, -67, -70],09/03/2022 11:33:19
[-68, -73, -59, -68, -68],09/03/2022 11:33:23
[-69, -75, -57, -70, -69],09/03/2022 11:33:27
[-69, -73, -55, -59, -68],09/03/2022 11:33:32
[-71, -73, -58, -59, -69],09/03/2022 11:33:36
[-71, -72, -62, -59, -77],09/03/2022 11:33:40
[-74, -74, -55, -58, -68],09/03/2022 11:33:45
[-73, -71, -54, -59, -68],09/03/2022 11:33:49
[-69, -73, -55, -67, -75],09/03/2022 11:33:53
[-71, -72, -58, -67, -70],09/03/2022 11:33:57
[-68, -100, -63, -66, -78],09/03/2022 11:34:01
[-71, -72, -63, -66, -79],09/03/2022 11:34:05
[-69, -72, -63, -66, -69],09/03/2022 11:34:09
[-74, -71, -63, -59, -70],09/03/2022 11:34:13
[-70, -71, -63, -60, -70],09/03/2022 11:34:17
[-74, -72, -55, -59, -69],09/03/2022 11:34:22
[-69, -74, -55, -67, -70],09/03/2022 11:34:26
[-74, -73, -59, -66, -68],09/03/2022 11:34:30
[-74, -72, -54, -66, -68],09/03/2022 11:34:34
[-68, -71, -54, -66, -68],09/03/2022 11:34:38
[-72, -73, -53, -67, -67],09/03/2022 11:34:42
[-74, -69, -59, -67, -68],09/03/2022 11:34:47
[-73, -73, -59, -67, -78],09/03/2022 11:34:51
[-68, -72, -54, -58, -68],09/03/2022 11:34:55
[-68, -74, -54, -67, -79],09/03/2022 11:34:59
[-70, -73, -59, -67, -78],09/03/2022 11:35:03
[-69, -73, -60, -65, -79],09/03/2022 11:35:07
[-68, -73, -58, -59, -100],09/03/2022 11:35:12
[-100, -73, -60, -58, -100],09/03/2022 11:35:16
[-74, -73, -60, -67, -69],09/03/2022 11:35:20
[-69, -72, -54, -65, -77],09/03/2022 11:35:24
[-71, -72, -57, -68, -68],09/03/2022 11:35:28
[-69, -72, -62, -67, -67],09/03/2022 11:35:32
[-74, -72, -61, -67, -68],09/03/2022 11:35:37
[-73, -73, -55, -66, -69],09/03/2022 11:35:41
[-74, -73, -54, -67, -68],09/03/2022 11:35:45
[-74, -72, -58, -58, -75],09/03/2022 11:35:49
[-69, -72, -55, -66, -76],09/03/2022 11:35:53
[-72, -72, -54, -59, -76],09/03/2022 11:35:58
[-69, -72, -60, -66, -76],09/03/2022 11:36:02
[-74, -73, -64, -58, -69],09/03/2022 11:36:06
[-72, -72, -64, -66, -69],09/03/2022 11:36:10
[-72, -73, -54, -68, -69],09/03/2022 11:36:14
[-69, -73, -58, -67, -69],09/03/2022 11:36:18
[-69, -72, -59, -68, -70],09/03/2022 11:36:23
[-71, -72, -100, -67, -69],09/03/2022 11:36:27
[-69, -73, -64, -59, -69],09/03/2022 11:36:31
[-71, -73, -55, -59, -68],09/03/2022 11:36:35
[-71, -72, -65, -59, -68],09/03/2022 11:36:39
[-74, -73, -54, -66, -68],09/03/2022 11:36:43
[-74, -73, -58, -67, -68],09/03/2022 11:36:48
[-68, -72, -55, -66, -69],09/03/2022 11:36:52
[-72, -73, -55, -66, -77],09/03/2022 11:36:56
[-69, -72, -54, -66, -67],09/03/2022 11:37:00
[-69, -72, -58, -66, -76],09/03/2022 11:37:04
[-69, -71, -59, -66, -69],09/03/2022 11:37:09
[-74, -73, -66, -59, -69],09/03/2022 11:37:13
[-71, -73, -55, -66, -69],09/03/2022 11:37:17
[-74, -73, -55, -58, -69],09/03/2022 11:37:21
[-69, -72, -55, -59, -76],09/03/2022 11:37:25
[-69, -72, -64, -66, -68],09/03/2022 11:37:29
[-72, -72, -54, -66, -68],09/03/2022 11:37:34
[-70, -73, -65, -59, -68],09/03/2022 11:37:38
[-69, -73, -58, -66, -68],09/03/2022 11:37:42
[-68, -72, -59, -66, -77],09/03/2022 11:37:46
[-74, -72, -58, -66, -77],09/03/2022 11:37:50
[-68, -71, -53, -66, -70],09/03/2022 11:37:54
[-74, -72, -54, -66, -76],09/03/2022 11:37:59
[-69, -71, -53, -65, -68],09/03/2022 11:38:03
[-69, -72, -53, -59, -70],09/03/2022 11:38:07