
[-80, -82, -54, -66, -79],02/03/2022 19:38:03
[-82, -80, -49, -67, -77],02/03/2022 19:38:07
[-82, -80, -50, -83, -69],02/03/2022 19:38:11
[-87, -82, -50, -67, -77],02/03/2022 19:38:15
[-81, -82, -49, -66, -81],02/03/2022 19:38:19
[-100, -79, -50, -76, -81],02/03/2022 19:38:23
[-78, -78, -49, -84, -82],02/03/2022 19:38:27
[-85, -78, -50, -75, -80],02/03/2022 19:38:32
[-83, -80, -50, -72, -72],02/03/2022 19:38:36
[-83, -78, -53, -84, -73],02/03/2022 19:38:40
[-80, -81, -50, -71, -72],02/03/2022 19:38:44
[-77, -81, -54, -67, -72],02/03/2022 19:38:48
[-79, -80, -50, -70, -70],02/03/2022 19:38:52
[-78, -83, -50, -67, -79],02/03/2022 19:38:57
[-80, -82, -50, -73, -80],02/03/2022 19:39:01
[-79, -85, -50, -87, -82],02/03/2022 19:39:05
[-81, -80, -49, -70, -75],02/03/2022 19:39:09
[-85, -84, -53, -79, -78],02/03/2022 19:39:13
[-81, -80, -53, -81, -91],02/03/2022 19:39:17
[-79, -79, -48, -68, -79],02/03/2022 19:39:22
[-78, -78, -49, -69, -78],02/03/2022 19:39:26
[-79, -83, -49, -79, -79],02/03/2022 19:39:30
[-80, -77, -54, -68, -100],02/03/2022 19:39:34
[-83, -84, -48, -68, -80],02/03/2022 19:39:38
[-81, -82, -54, -80, -81],02/03/2022 19:39:42
[-77, -83, -49, -79, -71],02/03/2022 19:39:47
[-89, -84, -49, -70, -79],02/03/2022 19:39:51
[-87, -79, -49, -68, -71],02/03/2022 19:39:55
[-79, -100, -49, -68, -100],02/03/2022 19:39:59
[-79, -80, -49, -68, -71],02/03/2022 19:40:03
[-80, -81, -48, -68, -79],02/03/2022 19:40:08
[-80, -80, -54, -69, -70],02/03/2022 19:40:12
[-79, -84, -47, -67, -79],02/03/2022 19:40:16
[-79, -82, -54, -80, -80],02/03/2022 19:40:20
[-81, -80, -54, -69, -79],02/03/2022 19:40:24
[-77, -79, -54, -68, -78],02/03/2022 19:40:28
[-79, -84, -48, -68, -79],02/03/2022 19:40:33
[-79, -84, -49, -80, -74],02/03/2022 19:40:37
[-80, -85, -49, -68, -71],02/03/2022 19:40:41
[-88, -80, -49, -69, -71],02/03/2022 19:40:45
[-79, -80, -54, -68, -71],02/03/2022 19:40:49
[-80, -79, -49, -68, -71],02/03/2022 19:40:53
[-79, -82, -54, -80, -79],02/03/2022 19:40:57
[-79, -82, -54, -68, -79],02/03/2022 19:41:02
[-79, -80, -48, -80, -79],02/03/2022 19:41:06
[-77, -79, -48, -69, -71],02/03/2022 19:41:10
[-100, -81, -48, -80, -80],02/03/2022 19:41:14
[-100, -77, -48, -68, -71],02/03/2022 19:41:18
[-100, -84, -49, -68, -79],02/03/2022 19:41:22
[-79, -79, -54, -68, -79],02/03/2022 19:41:26
[-80, -87, -49, -69, -79],02/03/2022 19:41:31
[-80, -79, -49, -69, -80],02/03/2022 19:41:35
[-80, -85, -49, -79, -78],02/03/2022 19:41:39
[-77, -83, -48, -68, -79],02/03/2022 19:41:43
[-79, -84, -54, -69, -79],02/03/2022 19:41:47
[-78, -80, -54, -68, -78],02/03/2022 19:41:51
[-79, -84, -54, -68, -79],02/03/2022 19:41:56
[-79, -84, -54, -72, -70],02/03/2022 19:42:00
[-80, -86, -54, -68, -71],02/03/2022 19:42:04
[-79, -83, -49, -69, -71],02/03/2022 19:42:08
[-79, -81, -49, -68, -79],02/03/2022 19:42:12
[-80, -81, -48, -69, -80],02/03/2022 19:42:16
[-81, -84, -48, -81, -78],02/03/2022 19:42:21
[-80, -85, -49, -79, -79],02/03/2022 19:42:25
[-79, -84, -54, -79, -77],02/03/2022 19:42:29
[-80, -84, -54, -81, -71],02/03/2022 19:42:33
[-79, -83, -54, -68, -71],02/03/2022 19:42:37
[-80, -81, -54, -69, -80],02/03/2022 19:42:41
[-81, -81, -49, -68, -80],02/03/2022 19:42:46
[-100, -78, -48, -69, -100],02/03/2022 19:42:50
[-89, -81, -49, -68, -71],02/03/2022 19:42:54
[-87, -82, -49, -80, -71],02/03/2022 19:42:58
[-81, -78, -48, -69, -79],02/03/2022 19:43:02
[-86, -86, -54, -79, -80],02/03/2022 19:43:06
[-80, -80, -55, -80, -71],02/03/2022 19:43:11
[-81, -78, -55, -69, -71],02/03/2022 19:43:15
[-80, -84, -49, -68, -71],02/03/2022 19:43:19
[-78, -83, -54, -68, -71],02/03/2022 19:43:23
[-78, -83, -49, -68, -71],02/03/2022 19:43:27
[-80, -85, -48, -68, -78],02/03/2022 19:43:31
[-86, -86, -49, -69, -71],02/03/2022 19:43:36
[-78, -81, -54, -68, -78],02/03/2022 19:43:40
[-81, -84, -54, -80, -71],02/03/2022 19:43:44
[-86, -85, -49, -69, -79],02/03/2022 19:43:48
[-80, -81, -49, -68, -79],02/03/2022 19:43:52
[-79, -81, -48, -80, -78],02/03/2022 19:43:56
[-80, -79, -49, -69, -79],02/03/2022 19:44:01
[-79, -79, -55, -68, -79],02/03/2022 19:44:05
[-79, -78, -49, -68, -78],02/03/2022 19:44:09
[-91, -84, -54, -80, -71],02/03/2022 19:44:13
[-80, -80, -48, -68, -71],02/03/2022 19:44:17
[-80, -87, -54, -81, -71],02/03/2022 19:44:21
[-86, -85, -48, -68, -71],02/03/2022 19:44:26
[-80, -86, -48, -68, -79],02/03/2022 19:44:30
[-80, -83, -48, -68, -78],02/03/2022 19:44:34
[-82, -80, -54, -68, -80],02/03/2022 19:44:38
[-88, -84, -49, -80, -71],02/03/2022 19:44:42
[-79, -82, -49, -80, -80],02/03/2022 19:44:46
[-79, -81, -49, -68, -78],02/03/2022 19:44:51
[-80, -84, -49, -69, -80],02/03/2022 19:44:55
[-80, -85, -49, -69, -81],02/03/2022 19:44:59
[-80, -84, -54, -69, -71],02/03/2022 19:45:03
[-80, -80, -49, -69, -68],02/03/2022 19:45:07
[-82, -79, -50, -81, -71],02/03/2022 19:45:11
[-80, -80, -54, -80, -71],02/03/2022 19:45:16
[-78, -85, -54, -79, -71],02/03/2022 19:45:20
[-79, -84, -49, -68, -79],02/03/2022 19:45:24
[-79, -86, -48, -69, -79],02/03/2022 19:45:28
[-77, -84, -49, -68, -78],02/03/2022 19:45:32
[-81, -78, -49, -69, -79],02/03/2022 19:45:36
[-80, -83, -54, -69, -70],02/03/2022 19:45:41
[-80, -79, -49, -68, -81],02/03/2022 19:45:45
[-80, -84, -49, -81, -81],02/03/2022 19:45:49
[-79, -81, -49, -69, -78],02/03/2022 19:45:53
[-79, -80, -49, -69, -79],02/03/2022 19:45:57
[-77, -78, -54, -68, -71],02/03/2022 19:46:02
[-77, -78, -54, -69, -71],02/03/2022 19:46:06
[-80, -79, -54, -69, -70],02/03/2022 19:46:10
[-78, -84, -49, -68, -76],02/03/2022 19:46:14
[-81, -87, -48, -68, -71],02/03/2022 19:46:18
[-82, -84, -49, -68, -78],02/03/2022 19:46:23
[-79, -84, -48, -69, -78],02/03/2022 19:46:27
[-79, -84, -49, -68, -78],02/03/2022 19:46:31
[-78, -84, -49, -69, -78],02/03/2022 19:46:35
[-78, -86, -54, -69, -70],02/03/2022 19:46:39
[-82, -82, -49, -69, -79],02/03/2022 19:46:43
[-81, -83, -50, -68, -71],02/03/2022 19:46:47
[-77, -83, -49, -69, -71],02/03/2022 19:46:51
[-85, -79, -48, -68, -79],02/03/2022 19:46:56
[-100, -83, -49, -68, -79],02/03/2022 19:47:00
[-83, -77, -54, -68, -71],02/03/2022 19:47:04
[-79, -82, -55, -68, -71],02/03/2022 19:47:08
[-100, -79, -54, -69, -71],02/03/2022 19:47:12
[-81, -100, -54, -69, -71],02/03/2022 19:47:16
[-80, -79, -49, -69, -71],02/03/2022 19:47:21
[-83, -83, -48, -68, -78],02/03/2022 19:47:25
[-81, -80, -49, -68, -71],02/03/2022 19:47:29
[-78, -82, -49, -69, -78],02/03/2022 19:47:33
[-86, -84, -49, -68, -71],02/03/2022 19:47:38
[-81, -82, -54, -68, -70],02/03/2022 19:47:42
[-79, -79, -54, -68, -79],02/03/2022 19:47:46
[-80, -83, -49, -69, -71],02/03/2022 19:47:50
[-79, -81, -54, -69, -79],02/03/2022 19:47:54
[-79, -83, -48, -69, -80],02/03/2022 19:47:58
[-84, -84, -54, -69, -71],02/03/2022 19:48:02
[-100, -80, -49, -80, -71],02/03/2022 19:48:07
[-81, -80, -54, -81, -70],02/03/2022 19:48:11
[-81, -79, -54, -69, -70],02/03/2022 19:48:15
[-80, -80, -49, -69, -71],02/03/2022 19:48:19
[-89, -80, -49, -69, -78],02/03/2022 19:48:23
[-80, -79, -49, -69, -78],02/03/2022 19:48:27
[-80, -84, -49, -68, -79],02/03/2022 19:48:32
[-80, -84, -49, -69, -79],02/03/2022 19:48:36
[-79, -83, -49, -69, -71],02/03/2022 19:48:40
[-81, -84, -48, -69, -100],02/03/2022 19:48:44
[-80, -83, -49, -69, -78],02/03/2022 19:48:48
[-79, -80, -48, -68, -78],02/03/2022 19:48:52
[-82, -78, -54, -69, -79],02/03/2022 19:48:57
[-100, -84, -54, -68, -72],02/03/2022 19:49:01
[-80, -79, -49, -81, -80],02/03/2022 19:49:05
[-100, -85, -48, -68, -83],02/03/2022 19:49:09
[-78, -84, -49, -69, -79],02/03/2022 19:49:13
[-79, -83, -54, -69, -78],02/03/2022 19:49:17
[-78, -83, -48, -69, -71],02/03/2022 19:49:22
[-81, -81, -48, -68, -80],02/03/2022 19:49:26
[-79, -80, -49, -69, -71],02/03/2022 19:49:30
[-77, -85, -49, -69, -71],02/03/2022 19:49:34
[-78, -84, -49, -69, -78],02/03/2022 19:49:38
[-79, -87, -49, -68, -78],02/03/2022 19:49:42
[-78, -84, -49, -68, -78],02/03/2022 19:49:47
[-80, -81, -48, -69, -77],02/03/2022 19:49:51
[-80, -79, -54, -69, -71],02/03/2022 19:49:55
[-81, -80, -54, -69, -72],02/03/2022 19:49:59
[-80, -79, -54, -68, -71],02/03/2022 19:50:03
[-81, -85, -54, -69, -78],02/03/2022 19:50:07
[-79, -83, -54, -69, -78],02/03/2022 19:50:12
[-78, -83, -48, -69, -79],02/03/2022 19:50:16
[-79, -81, -49, -68, -78],02/03/2022 19:50:20
[-86, -85, -49, -69, -71],02/03/2022 19:50:24
[-88, -85, -49, -68, -71],02/03/2022 19:50:28
[-86, -79, -49, -68, -71],02/03/2022 19:50:33
[-78, -81, -49, -68, -79],02/03/2022 19:50:37
[-80, -79, -49, -69, -80],02/03/2022 19:50:41
[-79, -80, -49, -69, -76],02/03/2022 19:50:45
[-84, -78, -49, -69, -78],02/03/2022 19:50:49
[-100, -78, -54, -81, -80],02/03/2022 19:50:53
[-79, -77, -48, -80, -71],02/03/2022 19:50:58
[-100, -81, -54, -69, -79],02/03/2022 19:51:02
[-80, -84, -55, -68, -80],02/03/2022 19:51:06
[-89, -83, -54, -69, -80],02/03/2022 19:51:10
[-79, -79, -49, -68, -71],02/03/2022 19:51:14
[-79, -79, -49, -69, -70],02/03/2022 19:51:18
[-81, -84, -49, -68, -80],02/03/2022 19:51:22
[-80, -78, -49, -68, -71],02/03/2022 19:51:27
[-79, -80, -54, -68, -71],02/03/2022 19:51:31
[-100, -82, -54, -68, -79],02/03/2022 19:51:35
[-81, -81, -55, -69, -79],02/03/2022 19:51:39
[-79, -79, -54, -69, -79],02/03/2022 19:51:43
[-79, -85, -49, -68, -79],02/03/2022 19:51:47
[-80, -78, -49, -69, -80],02/03/2022 19:51:52
[-100, -78, -49, -69, -71],02/03/2022 19:51:56
[-78, -81, -48, -80, -71],02/03/2022 19:52:00
[-77, -84, -49, -80, -71],02/03/2022 19:52:04
[-80, -80, -48, -68, -71],02/03/2022 19:52:08
[-79, -85, -49, -80, -70],02/03/2022 19:52:13
[-79, -82, -49, -69, -78],02/03/2022 19:52:17
[-78, -79, -49, -82, -71],02/03/2022 19:52:21
[-88, -81, -49, -68, -71],02/03/2022 19:52:25
[-79, -84, -54, -69, -80],02/03/2022 19:52:29
[-78, -80, -54, -81, -79],02/03/2022 19:52:33
[-78, -80, -54, -68, -79],02/03/2022 19:52:37
[-79, -86, -54, -80, -71],02/03/2022 19:52:42
[-78, -80, -54, -68, -79],02/03/2022 19:52:46
[-79, -80, -49, -69, -78],02/03/2022 19:52:50
[-89, -83, -49, -69, -71],02/03/2022 19:52:54
[-80, -80, -49, -68, -71],02/03/2022 19:52:58
[-79, -81, -49, -68, -71],02/03/2022 19:53:03
[-80, -80, -49, -69, -78],02/03/2022 19:53:07
[-80, -81, -54, -68, -80],02/03/2022 19:53:11
[-82, -83, -55, -68, -78],02/03/2022 19:53:15
[-80, -83, -48, -80, -78],02/03/2022 19:53:19
[-79, -80, -55, -69, -78],02/03/2022 19:53:23
[-80, -83, -49, -68, -79],02/03/2022 19:53:27
[-81, -80, -48, -69, -81],02/03/2022 19:53:32
[-85, -79, -49, -68, -79],02/03/2022 19:53:36
[-100, -84, -49, -68, -78],02/03/2022 19:53:40
[-80, -81, -49, -68, -79],02/03/2022 19:53:44
[-79, -82, -54, -68, -79],02/03/2022 19:53:48
[-81, -79, -54, -68, -71],02/03/2022 19:53:53
[-80, -78, -55, -69, -79],02/03/2022 19:53:57
[-80, -84, -54, -69, -71],02/03/2022 19:54:01
[-80, -83, -54, -69, -80],02/03/2022 19:54:05
[-81, -83, -49, -69, -71],02/03/2022 19:54:09
[-81, -83, -55, -68, -71],02/03/2022 19:54:13
[-89, -82, -50, -80, -78],02/03/2022 19:54:18
[-100, -80, -54, -68, -71],02/03/2022 19:54:22
[-82, -80, -54, -79, -77],02/03/2022 19:54:26
[-80, -79, -49, -69, -83],02/03/2022 19:54:30
[-80, -81, -49, -69, -80],02/03/2022 19:54:34
[-81, -79, -49, -68, -82],02/03/2022 19:54:38
[-80, -82, -49, -68, -70],02/03/2022 19:54:43
[-81, -83, -54, -68, -72],02/03/2022 19:54:47
[-87, -79, -54, -81, -71],02/03/2022 19:54:51
[-81, -79, -54, -69, -81],02/03/2022 19:54:55
[-81, -83, -54, -68, -71],02/03/2022 19:54:59
[-81, -79, -54, -80, -81],02/03/2022 19:55:03
[-80, -83, -48, -69, -81],02/03/2022 19:55:08
[-82, -83, -48, -80, -71],02/03/2022 19:55:12
[-82, -82, -48, -68, -79],02/03/2022 19:55:16
[-80, -80, -54, -68, -70],02/03/2022 19:55:20
[-80, -82, -54, -69, -78],02/03/2022 19:55:25
[-79, -83, -49, -69, -80],02/03/2022 19:55:29
[-81, -80, -55, -80, -81],02/03/2022 19:55:33
[-82, -81, -49, -81, -78],02/03/2022 19:55:37
[-81, -82, -49, -69, -78],02/03/2022 19:55:41
[-81, -79, -49, -69, -79],02/03/2022 19:55:45
[-100, -83, -48, -68, -71],02/03/2022 19:55:50
[-81, -79, -49, -68, -79],02/03/2022 19:55:53
[-80, -81, -49, -68, -78],02/03/2022 19:55:58
[-82, -82, -48, -69, -79],02/03/2022 19:56:02
[-80, -80, -49, -68, -71],02/03/2022 19:56:06
[-82, -80, -54, -69, -80],02/03/2022 19:56:10
[-81, -80, -54, -80, -82],02/03/2022 19:56:14
[-80, -77, -54, -80, -80],02/03/2022 19:56:18
[-79, -81, -49, -81, -81],02/03/2022 19:56:23
[-80, -80, -49, -79, -71],02/03/2022 19:56:27
[-80, -80, -54, -68, -71],02/03/2022 19:56:31
[-100, -81, -49, -69, -79],02/03/2022 19:56:35
[-100, -80, -49, -69, -78],02/03/2022 19:56:39
[-81, -86, -49, -69, -72],02/03/2022 19:56:43
[-79, -83, -54, -68, -80],02/03/2022 19:56:48
[-81, -82, -49, -69, -79],02/03/2022 19:56:53
[-80, -81, -54, -80, -79],02/03/2022 19:56:56
[-82, -82, -49, -69, -79],02/03/2022 19:57:00
[-80, -81, -54, -80, -79],02/03/2022 19:57:04
[-82, -81, -48, -69, -71],02/03/2022 19:57:08
[-82, -81, -54, -69, -71],02/03/2022 19:57:13
[-81, -84, -48, -68, -79],02/03/2022 19:57:17
[-84, -82, -49, -69, -71],02/03/2022 19:57:21
[-100, -82, -49, -68, -80],02/03/2022 19:57:25
[-83, -81, -50, -69, -79],02/03/2022 19:57:29
[-81, -82, -48, -69, -80],02/03/2022 19:57:34
[-81, -82, -49, -69, -70],02/03/2022 19:57:38
[-79, -81, -54, -68, -81],02/03/2022 19:57:42
[-81, -80, -54, -68, -80],02/03/2022 19:57:46
[-79, -84, -54, -68, -79],02/03/2022 19:57:50
[-79, -82, -54, -68, -71],02/03/2022 19:57:54
[-81, -79, -54, -68, -71],02/03/2022 19:57:58
[-82, -83, -49, -68, -70],02/03/2022 19:58:03
[-89, -78, -49, -69, -80],02/03/2022 19:58:07
[-83, -84, -49, -69, -79],02/03/2022 19:58:11
[-81, -84, -49, -68, -71],02/03/2022 19:58:15
[-82, -83, -54, -100, -79],02/03/2022 19:58:19
[-81, -79, -54, -68, -80],02/03/2022 19:58:24
[-81, -82, -49, -81, -79],02/03/2022 19:58:28
[-83, -79, -54, -68, -79],02/03/2022 19:58:32
[-85, -83, -49, -80, -81],02/03/2022 19:58:36
[-81, -84, -49, -69, -79],02/03/2022 19:58:40
[-79, -83, -49, -79, -71],02/03/2022 19:58:44
[-81, -82, -49, -68, -72],02/03/2022 19:58:49
[-82, -78, -49, -69, -71],02/03/2022 19:58:53
[-82, -81, -49, -69, -72],02/03/2022 19:58:57
[-82, -79, -54, -68, -71],02/03/2022 19:59:01
[-100, -79, -54, -81, -80],02/03/2022 19:59:05
[-79, -78, -54, -68, -79],02/03/2022 19:59:09
[-81, -83, -49, -81, -79],02/03/2022 19:59:14
[-82, -81, -48, -69, -80],02/03/2022 19:59:18
[-82, -79, -49, -82, -81],02/03/2022 19:59:22
[-81, -83, -48, -68, -71],02/03/2022 19:59:26
[-83, -80, -54, -69, -80],02/03/2022 19:59:30
[-81, -81, -54, -69, -80],02/03/2022 19:59:34
[-80, -81, -49, -69, -80],02/03/2022 19:59:39
[-100, -80, -49, -69, -78],02/03/2022 19:59:43
[-81, -79, -49, -69, -78],02/03/2022 19:59:47
[-82, -83, -49, -68, -71],02/03/2022 19:59:51
[-81, -80, -49, -68, -78],02/03/2022 19:59:55
[-83, -84, -48, -68, -78],02/03/2022 19:59:59
[-82, -81, -54, -69, -80],02/03/2022 20:00:04
[-81, -83, -54, -68, -71],02/03/2022 20:00:08
[-83, -83, -54, -68, -79],02/03/2022 20:00:12
[-84, -86, -49, -68, -79],02/03/2022 20:00:16
[-82, -83, -49, -69, -71],02/03/2022 20:00:20
[-81, -79, -48, -80, -71],02/03/2022 20:00:24
[-81, -78, -48, -81, -71],02/03/2022 20:00:29
[-81, -79, -49, -68, -72],02/03/2022 20:00:33
[-82, -83, -54, -81, -71],02/03/2022 20:00:37
[-83, -79, -54, -68, -82],02/03/2022 20:00:41
[-80, -82, -54, -68, -79],02/03/2022 20:00:45
[-82, -80, -54, -68, -82],02/03/2022 20:00:49
[-82, -78, -54, -68, -79],02/03/2022 20:00:54
[-82, -85, -48, -69, -79],02/03/2022 20:00:58
[-80, -82, -49, -69, -71],02/03/2022 20:01:02
[-88, -80, -49, -80, -79],02/03/2022 20:01:06
[-81, -82, -49, -68, -78],02/03/2022 20:01:10
[-82, -80, -54, -81, -100],02/03/2022 20:01:14
[-82, -82, -49, -69, -71],02/03/2022 20:01:19
[-80, -82, -49, -69, -80],02/03/2022 20:01:23
[-82, -82, -49, -68, -81],02/03/2022 20:01:27
[-82, -82, -49, -69, -82],02/03/2022 20:01:31
[-81, -84, -49, -68, -78],02/03/2022 20:01:35
[-82, -83, -54, -68, -71],02/03/2022 20:01:39
[-81, -78, -55, -69, -78],02/03/2022 20:01:43
[-80, -77, -49, -68, -71],02/03/2022 20:01:48
[-81, -82, -54, -69, -71],02/03/2022 20:01:52
[-83, -82, -48, -68, -71],02/03/2022 20:01:56
[-85, -79, -48, -69, -79],02/03/2022 20:02:00
[-82, -81, -48, -69, -78],02/03/2022 20:02:04
[-82, -83, -49, -68, -71],02/03/2022 20:02:09
[-82, -83, -54, -80, -79],02/03/2022 20:02:13
[-82, -83, -49, -69, -82],02/03/2022 20:02:17
[-83, -84, -54, -68, -79],02/03/2022 20:02:21
[-81, -82, -48, -69, -79],02/03/2022 20:02:25
[-80, -83, -49, -69, -79],02/03/2022 20:02:29
[-82, -84, -54, -69, -79],02/03/2022 20:02:34
[-80, -79, -50, -69, -80],02/03/2022 20:02:38
[-82, -85, -54, -82, -71],02/03/2022 20:02:42
[-83, -79, -54, -81, -71],02/03/2022 20:02:46
[-81, -80, -54, -81, -71],02/03/2022 20:02:50
[-82, -80, -49, -82, -70],02/03/2022 20:02:54
[-82, -83, -49, -81, -80],02/03/2022 20:02:59
[-82, -80, -49, -68, -79],02/03/2022 20:03:03
[-81, -80, -49, -68, -79],02/03/2022 20:03:07
[-82, -83, -49, -82, -80],02/03/2022 20:03:11
[-83, -83, -54, -68, -81],02/03/2022 20:03:15
[-83, -80, -54, -79, -80],02/03/2022 20:03:19
[-100, -83, -49, -69, -82],02/03/2022 20:03:23
[-80, -83, -49, -69, -79],02/03/2022 20:03:28
[-82, -83, -49, -69, -79],02/03/2022 20:03:32
[-82, -82, -48, -69, -78],02/03/2022 20:03:36
[-82, -78, -49, -69, -79],02/03/2022 20:03:40
[-82, -79, -54, -68, -70],02/03/2022 20:03:45
[-82, -81, -49, -69, -71],02/03/2022 20:03:48
[-81, -81, -49, -69, -71],02/03/2022 20:03:53
[-79, -81, -49, -68, -80],02/03/2022 20:03:57
[-81, -81, -49, -81, -79],02/03/2022 20:04:01
[-81, -83, -49, -82, -80],02/03/2022 20:04:05
[-82, -83, -48, -81, -78],02/03/2022 20:04:09
[-81, -100, -49, -69, -70],02/03/2022 20:04:14
[-81, -84, -49, -69, -79],02/03/2022 20:04:18
[-79, -80, -54, -68, -71],02/03/2022 20:04:22
[-80, -83, -49, -69, -71],02/03/2022 20:04:26
[-81, -83, -49, -69, -71],02/03/2022 20:04:30
[-82, -83, -54, -69, -79],02/03/2022 20:04:34
[-81, -83, -49, -82, -81],02/03/2022 20:04:39
[-83, -81, -54, -81, -80],02/03/2022 20:04:43
[-100, -83, -49, -69, -79],02/03/2022 20:04:47
[-78, -79, -48, -81, -79],02/03/2022 20:04:51
[-81, -82, -48, -81, -79],02/03/2022 20:04:55
[-100, -82, -100, -69, -71],02/03/2022 20:04:59
[-81, -78, -49, -68, -71],02/03/2022 20:05:04
[-82, -78, -49, -69, -71],02/03/2022 20:05:08
[-80, -80, -54, -69, -79],02/03/2022 20:05:12
[-81, -81, -54, -81, -79],02/03/2022 20:05:16
[-81, -84, -54, -83, -69],02/03/2022 20:05:20
[-100, -79, -54, -81, -79],02/03/2022 20:05:25
[-80, -83, -49, -82, -79],02/03/2022 20:05:29
[-82, -80, -50, -86, -87],02/03/2022 20:05:33
[-83, -82, -48, -70, -77],02/03/2022 20:05:37
[-83, -80, -55, -68, -77],02/03/2022 20:05:41
[-90, -85, -49, -69, -85],02/03/2022 20:05:45
[-82, -85, -52, -67, -85],02/03/2022 20:05:50
[-83, -90, -54, -67, -70],02/03/2022 20:05:54
[-81, -84, -53, -71, -71],02/03/2022 20:05:59
[-90, -87, -49, -77, -70],02/03/2022 20:06:03
[-81, -82, -49, -72, -69],02/03/2022 20:06:07
[-81, -82, -49, -73, -79],02/03/2022 20:06:11
[-89, -80, -50, -68, -77],02/03/2022 20:06:15
[-89, -83, -49, -71, -68],02/03/2022 20:06:19
[-81, -89, -64, -77, -84],02/03/2022 20:06:24
[-85, -76, -55, -77, -74],02/03/2022 20:06:28
[-82, -77, -55, -75, -67],02/03/2022 20:06:36
[-86, -85, -68, -74, -67],02/03/2022 20:06:40
[-82, -84, -68, -75, -67],02/03/2022 20:06:44
[-84, -79, -65, -77, -68],02/03/2022 20:06:48
[-85, -79, -55, -75, -68],02/03/2022 20:06:52
[-86, -76, -54, -75, -72],02/03/2022 20:06:57
[-82, -74, -59, -74, -68],02/03/2022 20:07:01
[-83, -73, -66, -74, -72],02/03/2022 20:07:05
[-82, -81, -66, -76, -68],02/03/2022 20:07:09
[-86, -74, -54, -75, -68],02/03/2022 20:07:13
[-86, -79, -63, -73, -69],02/03/2022 20:07:18
[-84, -79, -63, -76, -69],02/03/2022 20:07:22
[-85, -76, -59, -75, -67],02/03/2022 20:07:26
[-81, -75, -61, -75, -67],02/03/2022 20:07:30
[-81, -84, -55, -72, -67],02/03/2022 20:07:34
[-87, -77, -59, -75, -67],02/03/2022 20:07:38
[-100, -75, -61, -74, -67],02/03/2022 20:07:43
[-82, -76, -65, -73, -66],02/03/2022 20:07:47
[-83, -78, -55, -75, -67],02/03/2022 20:07:51
[-80, -73, -54, -75, -68],02/03/2022 20:07:55
[-100, -75, -62, -76, -68],02/03/2022 20:07:59
[-82, -80, -63, -77, -67],02/03/2022 20:08:03
[-81, -71, -66, -71, -74],02/03/2022 20:08:07
[-82, -72, -67, -75, -69],02/03/2022 20:08:11
[-85, -72, -68, -78, -69],02/03/2022 20:08:16
[-83, -75, -59, -75, -73],02/03/2022 20:08:20
[-84, -80, -56, -74, -70],02/03/2022 20:08:24
[-79, -76, -58, -74, -68],02/03/2022 20:08:28
[-82, -74, -66, -72, -69],02/03/2022 20:08:32
[-81, -74, -57, -73, -68],02/03/2022 20:08:37
[-82, -78, -57, -72, -69],02/03/2022 20:08:41
[-82, -81, -58, -73, -69],02/03/2022 20:08:45
[-81, -81, -58, -73, -72],02/03/2022 20:08:49
[-87, -74, -59, -72, -68],02/03/2022 20:08:53
[-83, -74, -61, -73, -65],02/03/2022 20:08:57
[-81, -76, -55, -76, -74],02/03/2022 20:09:02
[-81, -79, -65, -77, -69],02/03/2022 20:09:06
[-83, -80, -60, -69, -67],02/03/2022 20:09:10
[-86, -75, -64, -72, -66],02/03/2022 20:09:14
[-82, -76, -61, -68, -69],02/03/2022 20:09:18
[-80, -80, -66, -72, -68],02/03/2022 20:09:23
[-100, -75, -57, -70, -71],02/03/2022 20:09:26
[-81, -76, -60, -74, -74],02/03/2022 20:09:31
[-87, -82, -55, -76, -68],02/03/2022 20:09:35
[-80, -80, -56, -73, -74],02/03/2022 20:09:39
[-100, -82, -63, -76, -67],02/03/2022 20:09:43
[-78, -81, -62, -74, -70],02/03/2022 20:09:47
[-87, -82, -64, -71, -71],02/03/2022 20:09:51
[-87, -73, -60, -72, -73],02/03/2022 20:09:56
[-86, -80, -57, -76, -74],02/03/2022 20:10:00
[-86, -73, -56, -76, -70],02/03/2022 20:10:04
[-88, -82, -56, -76, -71],02/03/2022 20:10:08
[-81, -81, -66, -73, -70],02/03/2022 20:10:12
[-87, -75, -56, -72, -71],02/03/2022 20:10:16
[-100, -76, -64, -74, -75],02/03/2022 20:10:21
[-80, -77, -61, -74, -68],02/03/2022 20:10:25
[-89, -77, -66, -72, -67],02/03/2022 20:10:29
[-81, -81, -56, -73, -68],02/03/2022 20:10:33
[-100, -76, -61, -72, -69],02/03/2022 20:10:37
[-90, -76, -56, -78, -73],02/03/2022 20:10:41
[-81, -75, -57, -75, -70],02/03/2022 20:10:46
[-81, -80, -60, -75, -68],02/03/2022 20:10:50
[-100, -75, -65, -73, -73],02/03/2022 20:10:54
[-82, -72, -59, -74, -68],02/03/2022 20:10:58
[-80, -77, -63, -73, -71],02/03/2022 20:11:02
[-89, -73, -63, -73, -71],02/03/2022 20:11:07
[-87, -81, -61, -76, -71],02/03/2022 20:11:11
[-87, -75, -62, -76, -71],02/03/2022 20:11:15
[-100, -75, -64, -75, -75],02/03/2022 20:11:19
[-81, -72, -66, -75, -68],02/03/2022 20:11:23
[-85, -72, -63, -73, -68],02/03/2022 20:11:27
[-80, -75, -63, -73, -68],02/03/2022 20:11:32
[-80, -76, -66, -73, -68],02/03/2022 20:11:36
[-100, -80, -56, -73, -73],02/03/2022 20:11:40
[-87, -80, -56, -75, -68],02/03/2022 20:11:44
[-80, -76, -64, -76, -74],02/03/2022 20:11:48
[-81, -72, -56, -78, -68],02/03/2022 20:11:52
[-82, -72, -66, -75, -74],02/03/2022 20:11:57
[-80, -79, -63, -75, -71],02/03/2022 20:12:01
[-87, -76, -62, -72, -74],02/03/2022 20:12:05
[-81, -72, -64, -73, -70],02/03/2022 20:12:09
[-81, -77, -64, -73, -73],02/03/2022 20:12:13
[-88, -76, -55, -72, -73],02/03/2022 20:12:17
[-82, -77, -67, -73, -69],02/03/2022 20:12:22
[-81, -73, -65, -75, -67],02/03/2022 20:12:26
[-80, -80, -56, -73, -68],02/03/2022 20:12:30
[-89, -81, -56, -73, -67],02/03/2022 20:12:34
[-80, -81, -60, -74, -67],02/03/2022 20:12:38
[-80, -77, -59, -74, -68],02/03/2022 20:12:42
[-80, -76, -60, -76, -73],02/03/2022 20:12:47
[-87, -72, -59, -72, -72],02/03/2022 20:12:51
[-80, -81, -57, -76, -73],02/03/2022 20:12:55
[-80, -74, -56, -72, -70],02/03/2022 20:12:59
[-80, -73, -58, -74, -69],02/03/2022 20:13:03
[-80, -76, -66, -74, -71],02/03/2022 20:13:07
[-81, -79, -56, -74, -68],02/03/2022 20:13:12
[-81, -80, -60, -75, -71],02/03/2022 20:13:16
[-80, -74, -61, -75, -69],02/03/2022 20:13:20
[-82, -82, -60, -78, -67],02/03/2022 20:13:24
[-87, -72, -57, -77, -69],02/03/2022 20:13:28
[-89, -78, -56, -75, -69],02/03/2022 20:13:32
[-79, -80, -65, -75, -68],02/03/2022 20:13:37
[-87, -78, -65, -75, -70],02/03/2022 20:13:41
[-82, -79, -65, -72, -71],02/03/2022 20:13:45
[-100, -71, -67, -71, -70],02/03/2022 20:13:49
[-87, -72, -59, -74, -73],02/03/2022 20:13:53
[-80, -72, -62, -74, -68],02/03/2022 20:13:57
[-80, -81, -66, -74, -68],02/03/2022 20:14:02
[-82, -100, -60, -74, -71],02/03/2022 20:14:06
[-87, -79, -55, -77, -68],02/03/2022 20:14:10
[-100, -100, -66, -73, -71],02/03/2022 20:14:14
[-80, -72, -61, -77, -67],02/03/2022 20:14:18
[-80, -76, -61, -73, -74],02/03/2022 20:14:22
[-100, -85, -65, -79, -68],02/03/2022 20:14:27
[-100, -73, -60, -75, -73],02/03/2022 20:14:31
[-81, -73, -55, -72, -68],02/03/2022 20:14:35
[-100, -75, -56, -75, -71],02/03/2022 20:14:39
[-81, -75, -62, -75, -73],02/03/2022 20:14:43
[-100, -73, -57, -73, -71],02/03/2022 20:14:47
[-100, -81, -58, -75, -72],02/03/2022 20:14:52
[-88, -73, -59, -76, -67],02/03/2022 20:14:56
[-82, -72, -59, -72, -69],02/03/2022 20:15:00
[-80, -72, -66, -73, -67],02/03/2022 20:15:04
[-81, -73, -57, -75, -68],02/03/2022 20:15:08
[-88, -75, -56, -72, -71],02/03/2022 20:15:12
[-88, -76, -56, -73, -73],02/03/2022 20:15:17
[-81, -76, -56, -74, -73],02/03/2022 20:15:21
[-81, -81, -63, -73, -68],02/03/2022 20:15:25
[-81, -80, -54, -74, -73],02/03/2022 20:15:29
[-81, -79, -58, -75, -66],02/03/2022 20:15:33
[-86, -83, -60, -75, -67],02/03/2022 20:15:38
[-81, -77, -55, -70, -69],02/03/2022 20:15:42
[-82, -73, -60, -71, -68],02/03/2022 20:15:46
[-84, -79, -74, -72, -70],02/03/2022 20:15:50
[-86, -73, -55, -70, -68],02/03/2022 20:15:54
[-82, -81, -75, -72, -68],02/03/2022 20:15:58
[-89, -73, -65, -80, -73],02/03/2022 20:16:03
[-80, -78, -56, -74, -74],02/03/2022 20:16:07
[-83, -75, -57, -78, -67],02/03/2022 20:16:11
[-80, -75, -57, -77, -74],02/03/2022 20:16:15
[-80, -74, -58, -74, -69],02/03/2022 20:16:19
[-100, -79, -58, -71, -69],02/03/2022 20:16:23
[-80, -74, -57, -70, -74],02/03/2022 20:16:27
[-100, -79, -67, -71, -70],02/03/2022 20:16:32
[-79, -79, -67, -70, -67],02/03/2022 20:16:36
[-80, -78, -65, -74, -73],02/03/2022 20:16:40
[-79, -72, -58, -75, -67],02/03/2022 20:16:44
[-88, -76, -58, -73, -70],02/03/2022 20:16:49
[-79, -73, -57, -74, -73],02/03/2022 20:16:53
[-79, -76, -67, -78, -74],02/03/2022 20:16:57
[-87, -76, -56, -78, -69],02/03/2022 20:17:01
[-78, -79, -56, -71, -66],02/03/2022 20:17:05
[-79, -76, -58, -74, -66],02/03/2022 20:17:09
[-80, -78, -58, -71, -73],02/03/2022 20:17:14
[-90, -75, -59, -75, -73],02/03/2022 20:17:18
[-80, -73, -59, -73, -69],02/03/2022 20:17:22
[-100, -74, -59, -74, -76],02/03/2022 20:17:26
[-100, -79, -65, -71, -69],02/03/2022 20:17:30
[-81, -79, -65, -73, -66],02/03/2022 20:17:34
[-81, -76, -67, -70, -68],02/03/2022 20:17:38
[-81, -75, -65, -71, -67],02/03/2022 20:17:43
[-84, -75, -58, -77, -69],02/03/2022 20:17:47
[-82, -77, -65, -75, -73],02/03/2022 20:17:51
[-89, -73, -58, -74, -67],02/03/2022 20:17:55
[-88, -74, -56, -73, -66],02/03/2022 20:17:59
[-90, -78, -56, -74, -74],02/03/2022 20:18:03
[-84, -76, -68, -73, -67],02/03/2022 20:18:08
[-89, -74, -59, -100, -69],02/03/2022 20:18:12
[-87, -73, -58, -71, -69],02/03/2022 20:18:16
[-100, -75, -58, -71, -70],02/03/2022 20:18:20
[-100, -79, -58, -74, -70],02/03/2022 20:18:24
[-81, -80, -56, -74, -69],02/03/2022 20:18:28
[-89, -76, -67, -75, -67],02/03/2022 20:18:33
[-81, -80, -55, -77, -70],02/03/2022 20:18:37
[-79, -74, -56, -77, -68],02/03/2022 20:18:41
[-81, -74, -59, -74, -70],02/03/2022 20:18:45
[-80, -73, -58, -78, -73],02/03/2022 20:18:49
[-80, -73, -57, -74, -73],02/03/2022 20:18:54
[-81, -73, -56, -70, -70],02/03/2022 20:18:58
[-81, -73, -58, -77, -68],02/03/2022 20:19:02
[-89, -75, -65, -74, -69],02/03/2022 20:19:06
[-100, -73, -58, -71, -69],02/03/2022 20:19:10
[-80, -75, -58, -77, -73],02/03/2022 20:19:14
[-100, -77, -57, -76, -74],02/03/2022 20:19:18
[-79, -80, -58, -74, -67],02/03/2022 20:19:23
[-87, -79, -56, -76, -73],02/03/2022 20:19:27
[-100, -80, -65, -74, -69],02/03/2022 20:19:31
[-87, -77, -67, -71, -69],02/03/2022 20:19:35
[-87, -80, -64, -71, -69],02/03/2022 20:19:39
[-88, -76, -58, -71, -69],02/03/2022 20:19:44
[-91, -81, -56, -70, -67],02/03/2022 20:19:48
[-81, -73, -58, -74, -66],02/03/2022 20:19:52
[-80, -80, -56, -73, -66],02/03/2022 20:19:56
[-100, -75, -58, -73, -66],02/03/2022 20:20:00
[-88, -75, -66, -74, -66],02/03/2022 20:20:04
[-85, -76, -67, -74, -73],02/03/2022 20:20:09
[-100, -75, -58, -71, -76],02/03/2022 20:20:13
[-100, -81, -66, -76, -72],02/03/2022 20:20:17
[-89, -78, -66, -71, -73],02/03/2022 20:20:21
[-80, -75, -56, -71, -67],02/03/2022 20:20:25
[-80, -80, -56, -71, -70],02/03/2022 20:20:30
[-81, -80, -55, -74, -73],02/03/2022 20:20:34
[-80, -75, -56, -74, -70],02/03/2022 20:20:38
[-82, -74, -66, -74, -70],02/03/2022 20:20:42
[-81, -73, -58, -74, -67],02/03/2022 20:20:46
[-80, -73, -57, -70, -68],02/03/2022 20:20:50
[-88, -73, -59, -77, -67],02/03/2022 20:20:55
[-87, -77, -58, -70, -67],02/03/2022 20:20:59
[-100, -76, -67, -77, -67],02/03/2022 20:21:03
[-79, -73, -68, -78, -70],02/03/2022 20:21:07
[-82, -73, -55, -76, -73],02/03/2022 20:21:11
[-86, -79, -59, -72, -68],02/03/2022 20:21:15
[-81, -100, -56, -77, -74],02/03/2022 20:21:19
[-81, -73, -58, -73, -73],02/03/2022 20:21:24
[-86, -73, -64, -70, -67],02/03/2022 20:21:28
[-80, -79, -60, -75, -68],02/03/2022 20:21:32
[-81, -77, -60, -77, -67],02/03/2022 20:21:36
[-100, -79, -66, -78, -74],02/03/2022 20:21:40
[-100, -80, -56, -76, -68],02/03/2022 20:21:45
[-79, -81, -65, -77, -67],02/03/2022 20:21:49
[-80, -77, -64, -76, -68],02/03/2022 20:21:53
[-100, -76, -66, -72, -100],02/03/2022 20:21:57
[-79, -73, -60, -76, -69],02/03/2022 20:22:01
[-81, -73, -59, -77, -67],02/03/2022 20:22:07
[-86, -73, -59, -77, -67],02/03/2022 20:22:09
[-85, -81, -61, -76, -66],02/03/2022 20:22:14
[-86, -100, -61, -75, -66],02/03/2022 20:22:18
[-100, -100, -69, -77, -67],02/03/2022 20:22:22
[-87, -82, -68, -75, -72],02/03/2022 20:22:26
[-80, -72, -67, -75, -75],02/03/2022 20:22:30
[-78, -76, -67, -75, -73],02/03/2022 20:22:34
[-80, -77, -60, -75, -67],02/03/2022 20:22:38
[-81, -80, -60, -76, -66],02/03/2022 20:22:43
[-81, -76, -69, -75, -66],02/03/2022 20:22:47
[-79, -81, -59, -75, -67],02/03/2022 20:22:51
[-80, -74, -59, -74, -67],02/03/2022 20:22:55
[-100, -71, -67, -73, -66],02/03/2022 20:22:59
[-80, -73, -68, -76, -74],02/03/2022 20:23:05
[-85, -72, -60, -75, -67],02/03/2022 20:23:08
[-86, -76, -60, -74, -72],02/03/2022 20:23:12
[-100, -74, -61, -73, -73],02/03/2022 20:23:16
[-80, -76, -58, -74, -67],02/03/2022 20:23:20
[-81, -75, -71, -77, -70],02/03/2022 20:23:24
[-80, -76, -71, -74, -68],02/03/2022 20:23:29
[-87, -76, -68, -73, -69],02/03/2022 20:23:33
[-85, -77, -55, -73, -69],02/03/2022 20:23:37
[-87, -78, -61, -78, -74],02/03/2022 20:23:41
[-80, -76, -61, -100, -69],02/03/2022 20:23:45
[-80, -76, -58, -78, -69],02/03/2022 20:23:49
[-80, -75, -60, -75, -69],02/03/2022 20:23:54
[-80, -73, -56, -77, -67],02/03/2022 20:23:58
[-80, -74, -69, -74, -74],02/03/2022 20:24:02
[-87, -78, -70, -72, -74],02/03/2022 20:24:06
[-79, -76, -73, -75, -67],02/03/2022 20:24:10
[-86, -77, -68, -71, -74],02/03/2022 20:24:14
[-85, -78, -62, -71, -72],02/03/2022 20:24:19
[-79, -79, -56, -71, -67],02/03/2022 20:24:23
[-81, -75, -60, -78, -72],02/03/2022 20:24:27
[-81, -73, -56, -74, -69],02/03/2022 20:24:31
[-81, -74, -66, -77, -67],02/03/2022 20:24:35
[-81, -73, -67, -78, -72],02/03/2022 20:24:40
[-79, -73, -67, -75, -67],02/03/2022 20:24:44
[-79, -79, -65, -73, -66],02/03/2022 20:24:48
[-88, -75, -67, -74, -66],02/03/2022 20:24:52
[-81, -74, -57, -72, -66],02/03/2022 20:24:56
[-78, -75, -56, -74, -67],02/03/2022 20:25:00
[-81, -76, -58, -77, -68],02/03/2022 20:25:05
[-79, -79, -66, -72, -67],02/03/2022 20:25:09
[-79, -80, -66, -78, -69],02/03/2022 20:25:13
[-86, -80, -60, -72, -74],02/03/2022 20:25:17
[-80, -80, -67, -76, -66],02/03/2022 20:25:21
[-79, -80, -67, -72, -66],02/03/2022 20:25:25
[-80, -75, -66, -72, -67],02/03/2022 20:25:30
[-79, -73, -56, -72, -68],02/03/2022 20:25:34
[-79, -77, -57, -72, -67],02/03/2022 20:25:38
[-86, -75, -57, -76, -66],02/03/2022 20:25:42
[-80, -80, -67, -72, -68],02/03/2022 20:25:46
[-89, -75, -67, -75, -73],02/03/2022 20:25:50
[-80, -73, -59, -74, -67],02/03/2022 20:25:54
[-80, -75, -100, -74, -67],02/03/2022 20:25:59
[-87, -74, -59, -76, -74],02/03/2022 20:26:03
[-86, -81, -61, -72, -66],02/03/2022 20:26:07
[-87, -81, -61, -76, -68],02/03/2022 20:26:11
[-87, -76, -57, -72, -67],02/03/2022 20:26:15
[-80, -76, -57, -76, -73],02/03/2022 20:26:20
[-86, -76, -57, -75, -72],02/03/2022 20:26:24
[-79, -79, -56, -74, -76],02/03/2022 20:26:28
[-80, -73, -58, -72, -66],02/03/2022 20:26:32
[-78, -74, -61, -75, -67],02/03/2022 20:26:36
[-100, -74, -59, -74, -69],02/03/2022 20:26:41
[-100, -75, -59, -76, -68],02/03/2022 20:26:45
[-86, -78, -60, -77, -69],02/03/2022 20:26:49
[-85, -76, -66, -75, -68],02/03/2022 20:26:53
[-79, -75, -66, -78, -73],02/03/2022 20:26:57
[-81, -75, -59, -72, -67],02/03/2022 20:27:01
[-80, -79, -67, -71, -73],02/03/2022 20:27:05
[-100, -75, -56, -71, -67],02/03/2022 20:27:10
[-80, -77, -57, -72, -67],02/03/2022 20:27:14
[-82, -76, -66, -72, -72],02/03/2022 20:27:18
[-79, -77, -60, -74, -74],02/03/2022 20:27:22
[-82, -79, -58, -75, -73],02/03/2022 20:27:26
[-87, -75, -69, -74, -69],02/03/2022 20:27:30
[-86, -78, -58, -74, -67],02/03/2022 20:27:35
[-100, -79, -59, -72, -67],02/03/2022 20:27:39
[-100, -78, -59, -71, -69],02/03/2022 20:27:43
[-79, -74, -68, -77, -69],02/03/2022 20:27:47
[-100, -77, -69, -74, -68],02/03/2022 20:27:51
[-79, -73, -68, -73, -73],02/03/2022 20:27:56
[-80, -73, -57, -74, -73],02/03/2022 20:28:00
[-85, -79, -57, -77, -100],02/03/2022 20:28:04
[-80, -79, -66, -74, -70],02/03/2022 20:28:08
[-80, -75, -60, -77, -69],02/03/2022 20:28:12
[-86, -79, -59, -71, -70],02/03/2022 20:28:16
[-80, -78, -59, -72, -73],02/03/2022 20:28:20
[-87, -73, -57, -73, -68],02/03/2022 20:28:25
[-80, -74, -67, -72, -73],02/03/2022 20:28:29
[-84, -72, -57, -71, -69],02/03/2022 20:28:34
[-87, -73, -68, -73, -70],02/03/2022 20:28:37
[-84, -73, -56, -75, -69],02/03/2022 20:28:41
[-80, -78, -66, -73, -70],02/03/2022 20:28:45
[-79, -79, -59, -72, -74],02/03/2022 20:28:50
[-86, -75, -56, -74, -68],02/03/2022 20:28:54
[-86, -77, -57, -71, -67],02/03/2022 20:28:58
[-100, -74, -60, -78, -69],02/03/2022 20:29:02
[-80, -72, -57, -76, -73],02/03/2022 20:29:06
[-80, -73, -60, -74, -70],02/03/2022 20:29:10
[-80, -79, -60, -71, -74],02/03/2022 20:29:15
[-80, -79, -59, -74, -73],02/03/2022 20:29:19
[-79, -78, -60, -75, -67],02/03/2022 20:29:23
[-100, -79, -57, -76, -68],02/03/2022 20:29:27
[-87, -73, -59, -100, -69],02/03/2022 20:29:31
[-80, -78, -68, -75, -69],02/03/2022 20:29:35
[-84, -73, -69, -74, -69],02/03/2022 20:29:40
[-85, -73, -59, -74, -69],02/03/2022 20:29:44
[-79, -77, -56, -70, -69],02/03/2022 20:29:48
[-83, -73, -56, -74, -68],02/03/2022 20:29:52
[-81, -74, -56, -77, -69],02/03/2022 20:29:56
[-85, -80, -57, -75, -67],02/03/2022 20:30:00
[-100, -79, -56, -76, -67],02/03/2022 20:30:05
[-80, -75, -60, -76, -69],02/03/2022 20:30:09
[-80, -76, -68, -76, -66],02/03/2022 20:30:13
[-79, -80, -69, -73, -67],02/03/2022 20:30:17
[-80, -73, -59, -74, -73],02/03/2022 20:30:21
[-81, -74, -57, -72, -73],02/03/2022 20:30:26
[-79, -75, -57, -76, -67],02/03/2022 20:30:30
[-84, -76, -57, -75, -69],02/03/2022 20:30:34
[-86, -74, -57, -74, -67],02/03/2022 20:30:38
[-87, -78, -57, -75, -67],02/03/2022 20:30:42
[-86, -75, -61, -75, -67],02/03/2022 20:30:46
[-79, -72, -60, -72, -67],02/03/2022 20:30:51
[-80, -76, -57, -74, -100],02/03/2022 20:30:55
[-80, -77, -60, -72, -67],02/03/2022 20:30:59
[-79, -76, -57, -74, -67],02/03/2022 20:31:03
[-80, -80, -60, -71, -66],02/03/2022 20:31:07
[-80, -78, -69, -74, -69],02/03/2022 20:31:12
[-80, -78, -60, -75, -69],02/03/2022 20:31:16
[-79, -74, -59, -76, -73],02/03/2022 20:31:20
[-80, -76, -57, -75, -69],02/03/2022 20:31:24
[-100, -72, -58, -71, -67],02/03/2022 20:31:28
[-79, -73, -57, -71, -67],02/03/2022 20:31:32
[-85, -79, -70, -74, -69],02/03/2022 20:31:36
[-80, -78, -57, -71, -68],02/03/2022 20:31:41
[-87, -79, -60, -71, -69],02/03/2022 20:31:45
[-81, -76, -59, -100, -73],02/03/2022 20:31:49
[-100, -79, -60, -71, -67],02/03/2022 20:31:53
[-80, -74, -60, -71, -73],02/03/2022 20:31:57
[-80, -75, -59, -71, -73],02/03/2022 20:32:01
[-86, -79, -70, -71, -68],02/03/2022 20:32:05
[-80, -79, -69, -71, -69],02/03/2022 20:32:10
[-80, -79, -70, -71, -68],02/03/2022 20:32:14
[-80, -73, -69, -75, -69],02/03/2022 20:32:18
[-100, -78, -69, -71, -74],02/03/2022 20:32:22
[-80, -74, -57, -74, -69],02/03/2022 20:32:27
[-81, -73, -57, -75, -69],02/03/2022 20:32:31
[-81, -73, -57, -75, -69],02/03/2022 20:32:35
[-81, -76, -57, -76, -69],02/03/2022 20:32:39
[-100, -76, -57, -75, -69],02/03/2022 20:32:43
[-84, -78, -59, -71, -67],02/03/2022 20:32:47
[-85, -76, -69, -76, -67],02/03/2022 20:32:51
[-79, -74, -60, -71, -67],02/03/2022 20:32:56
[-100, -74, -61, -71, -67],02/03/2022 20:33:00
[-81, -75, -58, -74, -67],02/03/2022 20:33:04
[-81, -79, -57, -75, -69],02/03/2022 20:33:08
[-79, -74, -58, -75, -69],02/03/2022 20:33:12
[-79, -74, -69, -75, -68],02/03/2022 20:33:17
[-80, -73, -60, -74, -74],02/03/2022 20:33:20
[-79, -75, -61, -70, -72],02/03/2022 20:33:25
[-80, -78, -59, -71, -67],02/03/2022 20:33:29
[-80, -72, -58, -71, -69],02/03/2022 20:33:33
[-86, -79, -59, -76, -70],02/03/2022 20:33:37
[-81, -79, -58, -71, -69],02/03/2022 20:33:41
[-85, -78, -71, -74, -68],02/03/2022 20:33:46
[-81, -74, -60, -74, -67],02/03/2022 20:33:50
[-85, -74, -68, -75, -73],02/03/2022 20:33:54
[-81, -74, -70, -74, -73],02/03/2022 20:33:58
[-86, -74, -59, -76, -67],02/03/2022 20:34:02
[-79, -74, -56, -100, -69],02/03/2022 20:34:07
[-80, -74, -56, -75, -69],02/03/2022 20:34:11
[-85, -78, -57, -74, -69],02/03/2022 20:34:15
[-80, -75, -60, -71, -73],02/03/2022 20:34:19
[-85, -73, -69, -71, -67],02/03/2022 20:34:23
[-80, -75, -59, -71, -66],02/03/2022 20:34:27
[-86, -77, -60, -71, -67],02/03/2022 20:34:31
[-80, -79, -60, -71, -66],02/03/2022 20:34:36
[-87, -78, -57, -71, -68],02/03/2022 20:34:40
[-80, -79, -56, -75, -73],02/03/2022 20:34:44
[-81, -73, -69, -76, -67],02/03/2022 20:34:48
[-86, -74, -68, -74, -67],02/03/2022 20:34:52
[-81, -73, -57, -75, -73],02/03/2022 20:34:56
[-81, -75, -59, -71, -67],02/03/2022 20:35:01
[-80, -75, -60, -71, -69],02/03/2022 20:35:05
[-83, -74, -61, -72, -68],02/03/2022 20:35:09
[-100, -79, -59, -71, -73],02/03/2022 20:35:13
[-85, -79, -57, -71, -69],02/03/2022 20:35:17
[-85, -79, -69, -74, -67],02/03/2022 20:35:22
[-100, -77, -59, -74, -67],02/03/2022 20:35:26
[-79, -75, -69, -74, -67],02/03/2022 20:35:30
[-85, -74, -68, -74, -67],02/03/2022 20:35:34
[-79, -74, -60, -74, -67],02/03/2022 20:35:38
[-100, -75, -58, -72, -73],02/03/2022 20:35:43
[-86, -79, -59, -72, -66],02/03/2022 20:35:47
[-78, -77, -58, -72, -73],02/03/2022 20:35:51
[-79, -75, -59, -76, -74],02/03/2022 20:35:55
[-82, -77, -57, -71, -66],02/03/2022 20:35:59
[-86, -77, -62, -76, -68],02/03/2022 20:36:03
[-85, -74, -60, -72, -68],02/03/2022 20:36:07
[-100, -78, -61, -73, -68],02/03/2022 20:36:12
[-86, -78, -58, -74, -67],02/03/2022 20:36:16
[-87, -78, -67, -77, -67],02/03/2022 20:36:20
[-100, -74, -57, -74, -74],02/03/2022 20:36:24
[-78, -78, -67, -73, -66],02/03/2022 20:36:28
[-84, -73, -64, -77, -67],02/03/2022 20:36:33
[-85, -79, -60, -73, -72],02/03/2022 20:36:37
[-86, -74, -57, -72, -73],02/03/2022 20:36:41
[-79, -74, -60, -72, -72],02/03/2022 20:36:45
[-81, -80, -58, -72, -72],02/03/2022 20:36:49
[-82, -79, -59, -72, -72],02/03/2022 20:36:53
[-85, -76, -64, -72, -67],02/03/2022 20:36:58
[-84, -75, -59, -74, -69],02/03/2022 20:37:02
[-100, -76, -64, -75, -69],02/03/2022 20:37:06
[-83, -78, -60, -78, -69],02/03/2022 20:37:10
[-80, -80, -59, -73, -69],02/03/2022 20:37:15
[-86, -81, -58, -72, -67],02/03/2022 20:37:19
[-100, -76, -59, -72, -66],02/03/2022 20:37:23
[-86, -79, -57, -72, -66],02/03/2022 20:37:27
[-87, -74, -60, -76, -68],02/03/2022 20:37:31
[-87, -75, -70, -71, -66],02/03/2022 20:37:35
[-89, -73, -70, -76, -72],02/03/2022 20:37:40
[-81, -74, -70, -75, -73],02/03/2022 20:37:44
[-80, -77, -62, -76, -67],02/03/2022 20:37:48
[-88, -77, -70, -71, -73],02/03/2022 20:37:52
[-89, -75, -57, -75, -72],02/03/2022 20:37:56
[-79, -75, -57, -71, -67],02/03/2022 20:38:00
[-81, -76, -66, -71, -69],02/03/2022 20:38:05
[-81, -73, -57, -71, -69],02/03/2022 20:38:09
[-80, -78, -65, -71, -68],02/03/2022 20:38:13
[-100, -79, -59, -74, -67],02/03/2022 20:38:17
[-81, -79, -59, -74, -66],02/03/2022 20:38:21
[-87, -79, -59, -74, -71],02/03/2022 20:38:25
[-87, -73, -60, -75, -67],02/03/2022 20:38:29
[-86, -80, -65, -74, -67],02/03/2022 20:38:34
[-80, -74, -66, -77, -72],02/03/2022 20:38:38
[-82, -80, -65, -74, -73],02/03/2022 20:38:42
[-79, -74, -67, -74, -66],02/03/2022 20:38:46
[-79, -74, -69, -77, -65],02/03/2022 20:38:50