
[-100, -100, -83, -73, -71],03/03/2022 15:47:19
[-84, -87, -75, -72, -71],03/03/2022 15:47:24
[-84, -100, -75, -73, -100],03/03/2022 15:47:28
[-82, -100, -75, -78, -73],03/03/2022 15:47:32
[-85, -100, -75, -80, -74],03/03/2022 15:47:36
[-85, -100, -72, -77, -71],03/03/2022 15:47:40
[-85, -86, -74, -77, -71],03/03/2022 15:47:44
[-84, -100, -72, -79, -69],03/03/2022 15:47:48
[-100, -100, -71, -74, -71],03/03/2022 15:47:53
[-85, -100, -73, -76, -76],03/03/2022 15:47:57
[-85, -100, -80, -75, -70],03/03/2022 15:48:01
[-85, -84, -81, -75, -71],03/03/2022 15:48:05
[-83, -100, -73, -75, -100],03/03/2022 15:48:09
[-100, -100, -78, -77, -71],03/03/2022 15:48:13
[-84, -100, -73, -74, -73],03/03/2022 15:48:17
[-85, -91, -74, -77, -74],03/03/2022 15:48:22
[-85, -93, -73, -78, -71],03/03/2022 15:48:26
[-85, -90, -73, -75, -70],03/03/2022 15:48:30
[-84, -86, -73, -76, -71],03/03/2022 15:48:34
[-84, -100, -73, -75, -75],03/03/2022 15:48:38
[-85, -92, -84, -76, -77],03/03/2022 15:48:43
[-87, -100, -82, -75, -76],03/03/2022 15:48:47
[-100, -88, -82, -73, -72],03/03/2022 15:48:51
[-100, -91, -74, -73, -77],03/03/2022 15:48:55
[-85, -100, -73, -74, -76],03/03/2022 15:48:59
[-100, -100, -73, -75, -72],03/03/2022 15:49:03
[-85, -100, -73, -74, -73],03/03/2022 15:49:07
[-84, -100, -73, -75, -70],03/03/2022 15:49:12
[-85, -86, -100, -77, -73],03/03/2022 15:49:16
[-85, -100, -72, -78, -70],03/03/2022 15:49:20
[-84, -100, -73, -77, -77],03/03/2022 15:49:24
[-85, -100, -74, -74, -73],03/03/2022 15:49:28
[-84, -100, -73, -74, -73],03/03/2022 15:49:33
[-83, -100, -100, -74, -76],03/03/2022 15:49:37
[-100, -85, -72, -73, -71],03/03/2022 15:49:41
[-86, -100, -73, -73, -71],03/03/2022 15:49:45
[-85, -92, -100, -77, -76],03/03/2022 15:49:49
[-84, -100, -73, -76, -73],03/03/2022 15:49:53
[-82, -100, -73, -78, -73],03/03/2022 15:49:58
[-100, -86, -73, -78, -70],03/03/2022 15:50:02
[-100, -100, -74, -78, -73],03/03/2022 15:50:06
[-85, -86, -73, -76, -71],03/03/2022 15:50:10
[-83, -100, -73, -73, -70],03/03/2022 15:50:14
[-86, -86, -75, -75, -70],03/03/2022 15:50:18
[-87, -100, -73, -76, -73],03/03/2022 15:50:23
[-83, -92, -74, -73, -71],03/03/2022 15:50:27
[-100, -100, -73, -74, -71],03/03/2022 15:50:31
[-84, -100, -73, -77, -76],03/03/2022 15:50:35
[-100, -91, -73, -74, -76],03/03/2022 15:50:39
[-100, -86, -100, -77, -70],03/03/2022 15:50:43
[-85, -84, -80, -75, -70],03/03/2022 15:50:48
[-100, -85, -74, -75, -74],03/03/2022 15:50:52
[-86, -100, -73, -76, -70],03/03/2022 15:50:56
[-100, -100, -81, -75, -73],03/03/2022 15:51:00
[-100, -100, -74, -75, -72],03/03/2022 15:51:04
[-87, -84, -82, -73, -77],03/03/2022 15:51:09
[-87, -100, -74, -77, -71],03/03/2022 15:51:13
[-84, -88, -73, -73, -70],03/03/2022 15:51:17
[-86, -90, -73, -77, -71],03/03/2022 15:51:21
[-85, -100, -72, -74, -76],03/03/2022 15:51:25
[-86, -87, -73, -78, -76],03/03/2022 15:51:29
[-86, -93, -75, -73, -73],03/03/2022 15:51:34
[-84, -84, -74, -78, -77],03/03/2022 15:51:38
[-84, -100, -75, -78, -70],03/03/2022 15:51:42
[-84, -86, -73, -74, -71],03/03/2022 15:51:46
[-87, -84, -74, -76, -73],03/03/2022 15:51:50
[-84, -100, -79, -73, -70],03/03/2022 15:51:54
[-85, -88, -73, -72, -73],03/03/2022 15:51:59
[-100, -94, -74, -74, -73],03/03/2022 15:52:03
[-100, -100, -77, -74, -71],03/03/2022 15:52:07
[-100, -85, -78, -77, -70],03/03/2022 15:52:11
[-85, -85, -77, -77, -71],03/03/2022 15:52:15
[-85, -100, -76, -73, -70],03/03/2022 15:52:19
[-85, -100, -78, -100, -73],03/03/2022 15:52:23
[-86, -83, -75, -77, -77],03/03/2022 15:52:28
[-83, -100, -77, -75, -72],03/03/2022 15:52:32
[-86, -100, -81, -74, -70],03/03/2022 15:52:36
[-84, -86, -76, -73, -76],03/03/2022 15:52:40
[-83, -86, -78, -78, -70],03/03/2022 15:52:44
[-84, -100, -76, -75, -69],03/03/2022 15:52:49
[-100, -85, -76, -76, -70],03/03/2022 15:52:53
[-100, -100, -79, -78, -70],03/03/2022 15:52:57
[-84, -85, -75, -77, -77],03/03/2022 15:53:01
[-84, -100, -79, -73, -77],03/03/2022 15:53:05
[-100, -100, -79, -73, -77],03/03/2022 15:53:09
[-85, -100, -77, -73, -77],03/03/2022 15:53:14
[-87, -86, -76, -73, -77],03/03/2022 15:53:18
[-85, -100, -80, -77, -71],03/03/2022 15:53:22
[-82, -100, -76, -78, -77],03/03/2022 15:53:26
[-86, -100, -76, -78, -77],03/03/2022 15:53:30
[-100, -100, -80, -77, -77],03/03/2022 15:53:34
[-88, -88, -78, -78, -77],03/03/2022 15:53:39
[-84, -100, -79, -73, -71],03/03/2022 15:53:43
[-84, -87, -78, -74, -70],03/03/2022 15:53:47
[-85, -100, -74, -74, -70],03/03/2022 15:53:51
[-86, -86, -76, -78, -70],03/03/2022 15:53:55
[-100, -100, -77, -76, -77],03/03/2022 15:53:59
[-85, -85, -74, -73, -78],03/03/2022 15:54:04
[-86, -84, -78, -75, -70],03/03/2022 15:54:08
[-84, -100, -76, -73, -77],03/03/2022 15:54:12
[-86, -100, -78, -75, -77],03/03/2022 15:54:16
[-84, -85, -76, -78, -77],03/03/2022 15:54:20
[-100, -84, -76, -75, -70],03/03/2022 15:54:25
[-85, -85, -78, -77, -77],03/03/2022 15:54:29
[-85, -86, -79, -77, -73],03/03/2022 15:54:33
[-85, -100, -79, -76, -77],03/03/2022 15:54:37
[-87, -100, -79, -76, -71],03/03/2022 15:54:42
[-85, -100, -79, -76, -70],03/03/2022 15:54:45
[-86, -100, -78, -73, -71],03/03/2022 15:54:49
[-84, -84, -75, -75, -71],03/03/2022 15:54:54
[-84, -85, -76, -75, -76],03/03/2022 15:54:58
[-86, -85, -79, -100, -78],03/03/2022 15:55:02
[-85, -100, -80, -75, -73],03/03/2022 15:55:06
[-84, -87, -79, -73, -78],03/03/2022 15:55:10
[-100, -100, -78, -73, -71],03/03/2022 15:55:14
[-87, -100, -75, -73, -70],03/03/2022 15:55:19
[-100, -100, -77, -73, -73],03/03/2022 15:55:23
[-85, -85, -76, -73, -78],03/03/2022 15:55:27
[-86, -100, -76, -73, -73],03/03/2022 15:55:31
[-100, -100, -77, -73, -72],03/03/2022 15:55:35
[-87, -84, -75, -73, -70],03/03/2022 15:55:40
[-87, -84, -76, -80, -71],03/03/2022 15:55:44
[-86, -100, -79, -77, -71],03/03/2022 15:55:48
[-85, -100, -79, -79, -70],03/03/2022 15:55:52
[-85, -100, -77, -73, -71],03/03/2022 15:55:56
[-100, -85, -76, -73, -73],03/03/2022 15:56:00
[-100, -85, -76, -78, -77],03/03/2022 15:56:05
[-85, -85, -79, -76, -77],03/03/2022 15:56:09
[-87, -85, -79, -75, -71],03/03/2022 15:56:13
[-85, -87, -80, -73, -78],03/03/2022 15:56:17
[-100, -88, -77, -76, -73],03/03/2022 15:56:21
[-84, -100, -78, -77, -70],03/03/2022 15:56:25
[-85, -85, -74, -73, -73],03/03/2022 15:56:30
[-86, -100, -100, -73, -73],03/03/2022 15:56:34
[-86, -89, -77, -75, -76],03/03/2022 15:56:38
[-84, -85, -100, -78, -71],03/03/2022 15:56:42
[-84, -87, -77, -78, -70],03/03/2022 15:56:46
[-86, -100, -78, -75, -70],03/03/2022 15:56:50
[-85, -100, -76, -76, -71],03/03/2022 15:56:54
[-86, -86, -76, -75, -77],03/03/2022 15:56:59
[-100, -100, -74, -76, -77],03/03/2022 15:57:03
[-100, -100, -76, -75, -76],03/03/2022 15:57:07
[-86, -86, -77, -76, -70],03/03/2022 15:57:11
[-86, -84, -75, -78, -76],03/03/2022 15:57:15
[-84, -83, -75, -78, -73],03/03/2022 15:57:20
[-84, -85, -76, -77, -73],03/03/2022 15:57:24
[-86, -100, -76, -73, -73],03/03/2022 15:57:28
[-84, -100, -77, -73, -73],03/03/2022 15:57:32
[-84, -85, -77, -75, -70],03/03/2022 15:57:36
[-83, -87, -77, -78, -72],03/03/2022 15:57:41
[-86, -86, -74, -75, -70],03/03/2022 15:57:45
[-84, -100, -100, -77, -71],03/03/2022 15:57:49
[-85, -92, -76, -75, -70],03/03/2022 15:57:53
[-100, -100, -100, -73, -76],03/03/2022 15:57:57
[-84, -86, -74, -75, -73],03/03/2022 15:58:02
[-100, -100, -100, -76, -70],03/03/2022 15:58:06
[-85, -100, -74, -73, -71],03/03/2022 15:58:10
[-87, -87, -77, -80, -70],03/03/2022 15:58:14
[-85, -100, -79, -75, -77],03/03/2022 15:58:18
[-86, -100, -100, -77, -70],03/03/2022 15:58:22
[-100, -87, -74, -77, -76],03/03/2022 15:58:26
[-100, -85, -74, -78, -71],03/03/2022 15:58:30
[-85, -100, -77, -74, -71],03/03/2022 15:58:35
[-86, -88, -74, -76, -76],03/03/2022 15:58:39
[-84, -100, -74, -75, -77],03/03/2022 15:58:43
[-84, -88, -74, -77, -77],03/03/2022 15:58:47
[-85, -83, -75, -77, -73],03/03/2022 15:58:51
[-83, -100, -75, -73, -71],03/03/2022 15:58:56
[-84, -87, -79, -77, -70],03/03/2022 15:59:00
[-85, -100, -76, -73, -71],03/03/2022 15:59:04
[-86, -100, -77, -73, -73],03/03/2022 15:59:08
[-85, -100, -78, -76, -71],03/03/2022 15:59:12
[-83, -84, -81, -77, -71],03/03/2022 15:59:16
[-86, -100, -76, -75, -70],03/03/2022 15:59:21
[-88, -86, -75, -74, -76],03/03/2022 15:59:25
[-84, -87, -78, -79, -76],03/03/2022 15:59:29
[-86, -85, -79, -73, -71],03/03/2022 15:59:33
[-85, -90, -76, -73, -73],03/03/2022 15:59:37
[-84, -100, -76, -73, -70],03/03/2022 15:59:41
[-85, -93, -71, -73, -73],03/03/2022 15:59:46
[-85, -100, -77, -100, -73],03/03/2022 15:59:50
[-100, -85, -77, -72, -70],03/03/2022 15:59:54
[-85, -100, -74, -74, -73],03/03/2022 15:59:58
[-100, -86, -79, -76, -73],03/03/2022 16:00:02
[-85, -100, -77, -76, -71],03/03/2022 16:00:06
[-85, -100, -77, -77, -70],03/03/2022 16:00:11
[-85, -84, -77, -77, -74],03/03/2022 16:00:15
[-84, -93, -78, -72, -73],03/03/2022 16:00:19
[-85, -85, -74, -77, -70],03/03/2022 16:00:23
[-83, -85, -77, -78, -71],03/03/2022 16:00:27
[-85, -100, -77, -75, -70],03/03/2022 16:00:32
[-84, -100, -74, -77, -72],03/03/2022 16:00:36
[-83, -86, -77, -75, -70],03/03/2022 16:00:40
[-85, -84, -100, -77, -70],03/03/2022 16:00:44
[-85, -85, -76, -77, -70],03/03/2022 16:00:48
[-86, -100, -74, -73, -78],03/03/2022 16:00:53
[-86, -85, -77, -73, -70],03/03/2022 16:00:57
[-100, -100, -77, -76, -79],03/03/2022 16:01:01
[-84, -86, -76, -74, -77],03/03/2022 16:01:05
[-83, -100, -76, -77, -73],03/03/2022 16:01:09
[-84, -85, -76, -75, -70],03/03/2022 16:01:13
[-84, -100, -74, -100, -77],03/03/2022 16:01:17
[-82, -95, -74, -75, -73],03/03/2022 16:01:21
[-100, -100, -75, -73, -73],03/03/2022 16:01:26
[-86, -100, -100, -75, -100],03/03/2022 16:01:30
[-100, -100, -73, -76, -71],03/03/2022 16:01:34
[-87, -84, -73, -76, -77],03/03/2022 16:01:38
[-86, -100, -73, -77, -70],03/03/2022 16:01:42
[-85, -100, -75, -78, -70],03/03/2022 16:01:46
[-83, -100, -74, -75, -100],03/03/2022 16:01:51
[-86, -100, -77, -75, -70],03/03/2022 16:01:55
[-84, -100, -74, -75, -100],03/03/2022 16:01:59
[-85, -86, -75, -75, -73],03/03/2022 16:02:03
[-100, -85, -73, -77, -73],03/03/2022 16:02:07
[-85, -100, -76, -73, -73],03/03/2022 16:02:11
[-100, -100, -75, -77, -72],03/03/2022 16:02:15
[-85, -84, -76, -77, -70],03/03/2022 16:02:20
[-84, -84, -76, -80, -70],03/03/2022 16:02:24
[-86, -94, -77, -76, -73],03/03/2022 16:02:28
[-85, -85, -76, -76, -77],03/03/2022 16:02:32
[-86, -83, -77, -77, -73],03/03/2022 16:02:36
[-85, -84, -75, -75, -76],03/03/2022 16:02:40
[-87, -100, -100, -78, -100],03/03/2022 16:02:44
[-86, -100, -76, -73, -70],03/03/2022 16:02:49
[-85, -84, -74, -73, -100],03/03/2022 16:02:53
[-83, -85, -74, -73, -74],03/03/2022 16:02:57
[-85, -85, -74, -72, -73],03/03/2022 16:03:01
[-86, -87, -75, -75, -70],03/03/2022 16:03:05
[-87, -82, -74, -77, -70],03/03/2022 16:03:09
[-100, -85, -73, -75, -71],03/03/2022 16:03:14
[-84, -84, -75, -77, -70],03/03/2022 16:03:18
[-85, -83, -74, -77, -71],03/03/2022 16:03:22
[-85, -100, -75, -72, -77],03/03/2022 16:03:26
[-85, -100, -75, -72, -73],03/03/2022 16:03:30
[-86, -84, -74, -75, -77],03/03/2022 16:03:34
[-85, -84, -77, -73, -76],03/03/2022 16:03:39
[-100, -100, -75, -76, -77],03/03/2022 16:03:43
[-84, -100, -74, -72, -73],03/03/2022 16:03:47
[-84, -100, -100, -77, -72],03/03/2022 16:03:51
[-100, -100, -74, -73, -73],03/03/2022 16:03:55
[-84, -84, -74, -72, -72],03/03/2022 16:03:59
[-86, -84, -74, -77, -73],03/03/2022 16:04:04
[-85, -85, -76, -77, -70],03/03/2022 16:04:08
[-86, -85, -74, -77, -77],03/03/2022 16:04:12
[-86, -82, -75, -75, -70],03/03/2022 16:04:16
[-100, -86, -75, -77, -71],03/03/2022 16:04:20
[-86, -90, -75, -73, -73],03/03/2022 16:04:24
[-86, -100, -76, -73, -73],03/03/2022 16:04:29
[-84, -100, -75, -74, -76],03/03/2022 16:04:33
[-84, -83, -75, -73, -73],03/03/2022 16:04:37
[-86, -82, -75, -75, -77],03/03/2022 16:04:41
[-84, -100, -73, -74, -70],03/03/2022 16:04:45
[-100, -100, -73, -73, -73],03/03/2022 16:04:49
[-85, -100, -75, -73, -73],03/03/2022 16:04:54
[-100, -84, -73, -72, -71],03/03/2022 16:04:58
[-86, -100, -73, -75, -73],03/03/2022 16:05:02
[-100, -86, -74, -76, -71],03/03/2022 16:05:06
[-85, -100, -74, -76, -76],03/03/2022 16:05:10
[-84, -84, -76, -76, -71],03/03/2022 16:05:14
[-84, -83, -75, -75, -76],03/03/2022 16:05:18
[-85, -84, -100, -78, -100],03/03/2022 16:05:23
[-100, -100, -74, -73, -70],03/03/2022 16:05:27
[-85, -100, -76, -77, -70],03/03/2022 16:05:31
[-83, -100, -76, -73, -71],03/03/2022 16:05:35
[-85, -100, -76, -73, -69],03/03/2022 16:05:39
[-84, -83, -74, -75, -73],03/03/2022 16:05:44
[-85, -82, -74, -76, -76],03/03/2022 16:05:48
[-84, -100, -77, -76, -77],03/03/2022 16:05:52
[-86, -100, -76, -77, -76],03/03/2022 16:05:56
[-85, -100, -74, -73, -70],03/03/2022 16:06:00
[-85, -83, -76, -77, -73],03/03/2022 16:06:04
[-87, -100, -76, -73, -70],03/03/2022 16:06:09
[-88, -100, -76, -77, -70],03/03/2022 16:06:13
[-86, -84, -75, -73, -73],03/03/2022 16:06:17
[-86, -84, -74, -75, -70],03/03/2022 16:06:21
[-86, -100, -100, -75, -77],03/03/2022 16:06:25
[-85, -84, -74, -76, -70],03/03/2022 16:06:29
[-85, -100, -74, -77, -70],03/03/2022 16:06:34
[-85, -100, -74, -77, -71],03/03/2022 16:06:38
[-85, -85, -77, -73, -72],03/03/2022 16:06:42
[-87, -100, -79, -73, -73],03/03/2022 16:06:46
[-84, -84, -79, -73, -74],03/03/2022 16:06:50
[-85, -83, -78, -76, -73],03/03/2022 16:06:54
[-85, -84, -100, -78, -78],03/03/2022 16:06:58
[-86, -100, -78, -78, -70],03/03/2022 16:07:03
[-86, -100, -79, -78, -69],03/03/2022 16:07:07
[-100, -100, -75, -82, -73],03/03/2022 16:07:11
[-86, -85, -83, -77, -71],03/03/2022 16:07:15
[-100, -91, -74, -75, -77],03/03/2022 16:07:19
[-100, -87, -75, -76, -76],03/03/2022 16:07:23
[-84, -100, -82, -76, -71],03/03/2022 16:07:28
[-100, -85, -100, -76, -70],03/03/2022 16:07:32
[-100, -100, -81, -76, -76],03/03/2022 16:07:36
[-84, -85, -73, -78, -73],03/03/2022 16:07:40
[-84, -100, -73, -74, -73],03/03/2022 16:07:44
[-84, -100, -73, -74, -78],03/03/2022 16:07:48
[-100, -100, -74, -76, -77],03/03/2022 16:07:53
[-84, -100, -78, -76, -73],03/03/2022 16:07:57
[-84, -100, -80, -75, -70],03/03/2022 16:08:01
[-87, -85, -77, -78, -70],03/03/2022 16:08:05
[-86, -100, -75, -78, -70],03/03/2022 16:08:09
[-84, -100, -76, -78, -71],03/03/2022 16:08:14
[-85, -82, -100, -75, -73],03/03/2022 16:08:18
[-85, -83, -77, -100, -76],03/03/2022 16:08:26
[-86, -84, -78, -78, -72],03/03/2022 16:08:29
[-85, -86, -78, -78, -73],03/03/2022 16:08:34
[-85, -83, -77, -75, -77],03/03/2022 16:08:38
[-100, -100, -76, -73, -73],03/03/2022 16:08:42
[-86, -100, -76, -75, -72],03/03/2022 16:08:46
[-85, -100, -76, -72, -76],03/03/2022 16:08:50
[-86, -100, -76, -78, -77],03/03/2022 16:08:54
[-85, -88, -76, -78, -73],03/03/2022 16:08:59
[-83, -86, -78, -78, -70],03/03/2022 16:09:03
[-85, -100, -77, -73, -70],03/03/2022 16:09:07
[-84, -100, -75, -79, -70],03/03/2022 16:09:11
[-86, -100, -76, -100, -73],03/03/2022 16:09:15
[-84, -100, -76, -79, -67],03/03/2022 16:09:19
[-85, -83, -76, -73, -69],03/03/2022 16:09:24
[-100, -100, -75, -73, -70],03/03/2022 16:09:28
[-84, -82, -74, -73, -71],03/03/2022 16:09:32
[-85, -87, -78, -77, -70],03/03/2022 16:09:36
[-85, -88, -74, -81, -77],03/03/2022 16:09:40
[-85, -84, -75, -78, -70],03/03/2022 16:09:44
[-85, -87, -76, -77, -71],03/03/2022 16:09:49
[-85, -100, -77, -75, -71],03/03/2022 16:09:53
[-86, -86, -77, -73, -73],03/03/2022 16:09:57
[-85, -100, -78, -75, -73],03/03/2022 16:10:01
[-85, -100, -76, -73, -70],03/03/2022 16:10:05
[-85, -100, -77, -75, -76],03/03/2022 16:10:09
[-85, -84, -76, -78, -73],03/03/2022 16:10:13
[-87, -100, -77, -79, -70],03/03/2022 16:10:18
[-85, -100, -75, -79, -70],03/03/2022 16:10:22
[-85, -100, -75, -78, -69],03/03/2022 16:10:26
[-86, -100, -75, -73, -70],03/03/2022 16:10:30
[-87, -84, -76, -77, -70],03/03/2022 16:10:34
[-100, -84, -78, -75, -76],03/03/2022 16:10:39
[-85, -84, -75, -76, -76],03/03/2022 16:10:43
[-84, -100, -76, -77, -76],03/03/2022 16:10:47
[-86, -86, -76, -74, -77],03/03/2022 16:10:51
[-100, -100, -78, -73, -73],03/03/2022 16:10:55
[-85, -88, -77, -74, -73],03/03/2022 16:10:59
[-85, -100, -77, -73, -70],03/03/2022 16:11:04
[-84, -100, -76, -73, -70],03/03/2022 16:11:08
[-86, -100, -77, -78, -73],03/03/2022 16:11:12
[-86, -100, -75, -78, -70],03/03/2022 16:11:16
[-100, -100, -75, -78, -72],03/03/2022 16:11:20
[-85, -100, -75, -77, -70],03/03/2022 16:11:24
[-85, -82, -75, -79, -70],03/03/2022 16:11:29
[-84, -100, -75, -75, -70],03/03/2022 16:11:33
[-87, -100, -75, -74, -77],03/03/2022 16:11:37
[-85, -100, -77, -74, -73],03/03/2022 16:11:41
[-86, -100, -77, -74, -70],03/03/2022 16:11:45
[-84, -100, -76, -78, -72],03/03/2022 16:11:49
[-85, -85, -75, -79, -70],03/03/2022 16:11:54
[-86, -100, -75, -77, -73],03/03/2022 16:11:58
[-88, -84, -76, -79, -77],03/03/2022 16:12:02
[-86, -100, -76, -78, -76],03/03/2022 16:12:06
[-100, -85, -75, -74, -70],03/03/2022 16:12:10
[-85, -100, -75, -76, -76],03/03/2022 16:12:14
[-85, -100, -75, -75, -70],03/03/2022 16:12:19
[-86, -100, -75, -74, -76],03/03/2022 16:12:23
[-85, -100, -75, -78, -72],03/03/2022 16:12:27
[-88, -88, -75, -73, -76],03/03/2022 16:12:31
[-84, -84, -75, -73, -71],03/03/2022 16:12:35
[-85, -87, -75, -73, -73],03/03/2022 16:12:39
[-85, -100, -73, -73, -73],03/03/2022 16:12:43
[-85, -84, -74, -78, -73],03/03/2022 16:12:48
[-85, -100, -76, -80, -76],03/03/2022 16:12:52
[-85, -85, -75, -77, -70],03/03/2022 16:12:56
[-85, -85, -73, -79, -70],03/03/2022 16:13:00
[-85, -100, -74, -78, -73],03/03/2022 16:13:04
[-84, -100, -75, -75, -70],03/03/2022 16:13:08
[-85, -86, -73, -76, -73],03/03/2022 16:13:13
[-86, -100, -74, -75, -71],03/03/2022 16:13:17
[-85, -100, -75, -75, -74],03/03/2022 16:13:21
[-84, -86, -78, -76, -76],03/03/2022 16:13:25
[-84, -100, -77, -78, -76],03/03/2022 16:13:29
[-100, -100, -75, -73, -71],03/03/2022 16:13:34
[-85, -100, -76, -74, -72],03/03/2022 16:13:38
[-85, -100, -71, -73, -70],03/03/2022 16:13:42
[-83, -88, -77, -78, -73],03/03/2022 16:13:46
[-85, -84, -76, -75, -73],03/03/2022 16:13:50
[-84, -83, -78, -82, -71],03/03/2022 16:13:54
[-85, -84, -81, -78, -70],03/03/2022 16:13:58
[-85, -87, -77, -77, -71],03/03/2022 16:14:03
[-82, -83, -77, -75, -76],03/03/2022 16:14:07
[-100, -100, -78, -76, -76],03/03/2022 16:14:11
[-85, -100, -76, -73, -73],03/03/2022 16:14:16
[-85, -85, -74, -74, -76],03/03/2022 16:14:19
[-85, -84, -71, -77, -76],03/03/2022 16:14:23
[-84, -87, -73, -78, -73],03/03/2022 16:14:28
[-85, -86, -74, -73, -70],03/03/2022 16:14:32
[-85, -100, -77, -76, -70],03/03/2022 16:14:36
[-100, -83, -77, -78, -71],03/03/2022 16:14:40
[-83, -100, -76, -73, -70],03/03/2022 16:14:44
[-84, -100, -73, -76, -70],03/03/2022 16:14:48
[-84, -83, -74, -76, -77],03/03/2022 16:14:53
[-84, -100, -77, -75, -76],03/03/2022 16:14:57
[-85, -100, -77, -78, -77],03/03/2022 16:15:01
[-86, -100, -77, -72, -100],03/03/2022 16:15:05
[-84, -100, -78, -75, -76],03/03/2022 16:15:09
[-87, -85, -75, -73, -75],03/03/2022 16:15:13
[-100, -86, -74, -75, -76],03/03/2022 16:15:18
[-85, -85, -74, -75, -70],03/03/2022 16:15:22
[-85, -86, -77, -75, -78],03/03/2022 16:15:26
[-84, -85, -74, -73, -73],03/03/2022 16:15:30
[-86, -86, -80, -78, -73],03/03/2022 16:15:34
[-100, -100, -72, -77, -73],03/03/2022 16:15:38
[-85, -84, -79, -73, -73],03/03/2022 16:15:43
[-86, -87, -79, -75, -72],03/03/2022 16:15:47
[-84, -87, -73, -75, -73],03/03/2022 16:15:51
[-100, -100, -72, -75, -69],03/03/2022 16:15:55
[-86, -93, -72, -73, -71],03/03/2022 16:15:59
[-100, -100, -75, -78, -70],03/03/2022 16:16:04
[-86, -100, -78, -78, -70],03/03/2022 16:16:08
[-100, -100, -78, -77, -73],03/03/2022 16:16:12
[-84, -86, -73, -73, -76],03/03/2022 16:16:16
[-86, -100, -78, -76, -76],03/03/2022 16:16:20
[-85, -100, -77, -78, -76],03/03/2022 16:16:24
[-87, -100, -77, -73, -73],03/03/2022 16:16:29
[-85, -85, -73, -78, -70],03/03/2022 16:16:33
[-100, -87, -73, -77, -73],03/03/2022 16:16:37
[-84, -100, -73, -73, -73],03/03/2022 16:16:41
[-84, -100, -73, -73, -77],03/03/2022 16:16:45
[-86, -89, -76, -74, -70],03/03/2022 16:16:49
[-84, -100, -74, -75, -71],03/03/2022 16:16:54
[-100, -100, -77, -74, -69],03/03/2022 16:16:58
[-100, -85, -76, -78, -70],03/03/2022 16:17:02
[-84, -100, -74, -76, -77],03/03/2022 16:17:06
[-100, -85, -74, -78, -76],03/03/2022 16:17:10
[-83, -100, -74, -77, -72],03/03/2022 16:17:14
[-85, -84, -78, -78, -75],03/03/2022 16:17:18
[-100, -85, -72, -79, -71],03/03/2022 16:17:23
[-83, -100, -73, -75, -73],03/03/2022 16:17:27
[-100, -100, -77, -74, -71],03/03/2022 16:17:31
[-85, -100, -74, -75, -73],03/03/2022 16:17:35
[-85, -85, -73, -78, -76],03/03/2022 16:17:39
[-100, -100, -73, -74, -73],03/03/2022 16:17:44
[-85, -85, -75, -73, -71],03/03/2022 16:17:48
[-85, -100, -75, -73, -70],03/03/2022 16:17:52
[-85, -100, -100, -73, -70],03/03/2022 16:17:56
[-100, -88, -79, -78, -70],03/03/2022 16:18:00
[-85, -100, -71, -78, -76],03/03/2022 16:18:04
[-100, -89, -75, -76, -77],03/03/2022 16:18:08
[-84, -100, -73, -73, -76],03/03/2022 16:18:13
[-85, -87, -78, -78, -70],03/03/2022 16:18:17
[-100, -86, -77, -76, -71],03/03/2022 16:18:21
[-85, -100, -79, -73, -73],03/03/2022 16:18:25
[-85, -100, -72, -74, -73],03/03/2022 16:18:29
[-85, -100, -79, -73, -73],03/03/2022 16:18:33
[-85, -100, -77, -76, -75],03/03/2022 16:18:37
[-84, -100, -76, -77, -73],03/03/2022 16:18:42
[-83, -87, -100, -78, -69],03/03/2022 16:18:46
[-86, -100, -73, -79, -70],03/03/2022 16:18:50
[-84, -100, -74, -77, -71],03/03/2022 16:18:54
[-85, -88, -74, -79, -71],03/03/2022 16:18:58
[-86, -100, -76, -73, -76],03/03/2022 16:19:03
[-85, -100, -73, -76, -76],03/03/2022 16:19:07
[-83, -89, -73, -76, -75],03/03/2022 16:19:11
[-84, -85, -74, -76, -77],03/03/2022 16:19:15
[-85, -100, -100, -79, -76],03/03/2022 16:19:19
[-84, -86, -73, -77, -72],03/03/2022 16:19:23
[-85, -100, -79, -77, -71],03/03/2022 16:19:27
[-86, -100, -100, -78, -69],03/03/2022 16:19:31
[-100, -100, -74, -78, -72],03/03/2022 16:19:35
[-85, -100, -74, -78, -72],03/03/2022 16:19:40
[-85, -100, -76, -74, -74],03/03/2022 16:19:44
[-85, -87, -79, -75, -76],03/03/2022 16:19:48
[-100, -100, -74, -75, -77],03/03/2022 16:19:52
[-85, -100, -74, -73, -77],03/03/2022 16:19:56
[-84, -100, -77, -73, -77],03/03/2022 16:20:00
[-84, -100, -74, -73, -73],03/03/2022 16:20:09
[-100, -100, -73, -73, -73],03/03/2022 16:20:13
[-84, -100, -73, -78, -73],03/03/2022 16:20:17
[-86, -100, -74, -77, -70],03/03/2022 16:20:21
[-86, -100, -100, -77, -69],03/03/2022 16:20:25
[-84, -84, -74, -78, -70],03/03/2022 16:20:29
[-87, -100, -74, -73, -71],03/03/2022 16:20:33
[-85, -100, -73, -74, -73],03/03/2022 16:20:38
[-86, -100, -73, -76, -72],03/03/2022 16:20:42
[-100, -100, -73, -76, -77],03/03/2022 16:20:46
[-84, -100, -78, -76, -76],03/03/2022 16:20:50
[-85, -100, -79, -77, -77],03/03/2022 16:20:54
[-84, -100, -77, -77, -70],03/03/2022 16:20:58
[-84, -93, -73, -74, -70],03/03/2022 16:21:03
[-85, -90, -77, -74, -73],03/03/2022 16:21:07
[-88, -87, -100, -74, -73],03/03/2022 16:21:11
[-87, -99, -74, -74, -73],03/03/2022 16:21:15
[-85, -85, -76, -75, -70],03/03/2022 16:21:19
[-84, -87, -76, -74, -71],03/03/2022 16:21:23
[-85, -100, -75, -76, -69],03/03/2022 16:21:27
[-86, -100, -77, -73, -70],03/03/2022 16:21:32
[-83, -100, -73, -76, -70],03/03/2022 16:21:36
[-86, -100, -76, -73, -73],03/03/2022 16:21:40
[-86, -100, -76, -74, -76],03/03/2022 16:21:44
[-88, -86, -72, -73, -73],03/03/2022 16:21:48
[-86, -100, -75, -72, -77],03/03/2022 16:21:53
[-100, -100, -74, -78, -70],03/03/2022 16:21:57
[-85, -87, -76, -77, -70],03/03/2022 16:22:01
[-86, -100, -80, -73, -73],03/03/2022 16:22:05
[-84, -84, -74, -76, -73],03/03/2022 16:22:09
[-88, -100, -78, -73, -73],03/03/2022 16:22:13
[-85, -82, -77, -75, -77],03/03/2022 16:22:18
[-82, -86, -75, -100, -100],03/03/2022 16:22:22
[-85, -100, -79, -78, -73],03/03/2022 16:22:26
[-100, -100, -78, -74, -75],03/03/2022 16:22:30
[-85, -100, -74, -75, -73],03/03/2022 16:22:34
[-85, -100, -73, -74, -77],03/03/2022 16:22:38
[-85, -100, -74, -75, -71],03/03/2022 16:22:42
[-86, -100, -74, -74, -70],03/03/2022 16:22:46
[-87, -100, -79, -79, -70],03/03/2022 16:22:51
[-85, -100, -75, -80, -77],03/03/2022 16:22:55
[-87, -100, -73, -80, -71],03/03/2022 16:22:59
[-85, -93, -76, -82, -73],03/03/2022 16:23:03
[-83, -87, -73, -79, -77],03/03/2022 16:23:07
[-87, -92, -75, -75, -76],03/03/2022 16:23:11
[-86, -87, -75, -74, -75],03/03/2022 16:23:16
[-84, -88, -74, -75, -74],03/03/2022 16:23:20
[-84, -100, -73, -74, -73],03/03/2022 16:23:24
[-86, -86, -73, -80, -73],03/03/2022 16:23:28
[-85, -100, -75, -79, -72],03/03/2022 16:23:32
[-85, -90, -73, -74, -70],03/03/2022 16:23:36
[-86, -100, -74, -76, -71],03/03/2022 16:23:41
[-86, -92, -77, -79, -70],03/03/2022 16:23:45
[-85, -92, -76, -75, -70],03/03/2022 16:23:49
[-85, -100, -74, -79, -76],03/03/2022 16:23:53
[-86, -87, -76, -76, -76],03/03/2022 16:23:57
[-85, -92, -73, -80, -77],03/03/2022 16:24:02
[-87, -92, -73, -76, -76],03/03/2022 16:24:06
[-85, -100, -77, -100, -76],03/03/2022 16:24:10
[-85, -100, -76, -74, -74],03/03/2022 16:24:14
[-84, -89, -73, -80, -76],03/03/2022 16:24:18
[-84, -100, -74, -80, -70],03/03/2022 16:24:22
[-85, -100, -77, -76, -75],03/03/2022 16:24:26
[-86, -88, -74, -74, -73],03/03/2022 16:24:31
[-86, -100, -74, -75, -70],03/03/2022 16:24:35
[-85, -100, -73, -74, -100],03/03/2022 16:24:39
[-85, -100, -71, -76, -76],03/03/2022 16:24:43
[-86, -100, -77, -100, -76],03/03/2022 16:24:47
[-88, -100, -74, -79, -74],03/03/2022 16:24:51
[-85, -100, -73, -100, -73],03/03/2022 16:24:55
[-85, -100, -77, -74, -73],03/03/2022 16:24:59
[-87, -100, -70, -74, -73],03/03/2022 16:25:04
[-85, -88, -74, -100, -73],03/03/2022 16:25:08
[-84, -91, -100, -75, -70],03/03/2022 16:25:12
[-85, -87, -74, -75, -70],03/03/2022 16:25:16
[-88, -100, -75, -80, -71],03/03/2022 16:25:20
[-84, -100, -76, -81, -70],03/03/2022 16:25:24
[-100, -85, -78, -81, -70],03/03/2022 16:25:29
[-84, -100, -74, -79, -77],03/03/2022 16:25:33
[-82, -100, -78, -80, -76],03/03/2022 16:25:37
[-100, -100, -73, -81, -69],03/03/2022 16:25:41
[-83, -100, -75, -75, -71],03/03/2022 16:25:45
[-100, -100, -74, -75, -78],03/03/2022 16:25:49
[-100, -100, -100, -75, -76],03/03/2022 16:25:53
[-85, -100, -100, -74, -73],03/03/2022 16:25:58
[-100, -100, -73, -75, -73],03/03/2022 16:26:02
[-86, -100, -74, -78, -73],03/03/2022 16:26:06
[-87, -100, -80, -80, -71],03/03/2022 16:26:10
[-83, -86, -78, -81, -71],03/03/2022 16:26:14
[-85, -100, -79, -79, -69],03/03/2022 16:26:18
[-87, -94, -79, -75, -74],03/03/2022 16:26:23
[-86, -96, -74, -80, -71],03/03/2022 16:26:27
[-84, -92, -74, -74, -70],03/03/2022 16:26:31
[-85, -88, -100, -80, -74],03/03/2022 16:26:35
[-84, -100, -100, -75, -77],03/03/2022 16:26:39
[-84, -100, -74, -76, -71],03/03/2022 16:26:44
[-83, -100, -75, -74, -73],03/03/2022 16:26:48
[-100, -100, -100, -74, -73],03/03/2022 16:26:52
[-100, -100, -100, -74, -73],03/03/2022 16:26:56
[-85, -100, -74, -74, -76],03/03/2022 16:27:00
[-83, -100, -100, -80, -77],03/03/2022 16:27:04
[-86, -100, -73, -81, -70],03/03/2022 16:27:09
[-86, -100, -74, -81, -73],03/03/2022 16:27:13
[-86, -100, -72, -79, -75],03/03/2022 16:27:17
[-84, -100, -74, -74, -73],03/03/2022 16:27:21
[-87, -100, -75, -74, -68],03/03/2022 16:27:25
[-84, -86, -73, -74, -75],03/03/2022 16:27:29
[-87, -100, -100, -75, -76],03/03/2022 16:27:33
[-100, -100, -72, -74, -76],03/03/2022 16:27:38
[-82, -94, -74, -80, -70],03/03/2022 16:27:42
[-85, -100, -79, -80, -73],03/03/2022 16:27:46
[-85, -100, -72, -78, -72],03/03/2022 16:27:50
[-84, -92, -74, -80, -73],03/03/2022 16:27:54
[-84, -100, -75, -80, -74],03/03/2022 16:27:58
[-86, -100, -74, -75, -75],03/03/2022 16:28:03
[-86, -100, -75, -75, -70],03/03/2022 16:28:07
[-100, -92, -100, -81, -73],03/03/2022 16:28:11
[-100, -100, -100, -80, -73],03/03/2022 16:28:15
[-86, -100, -73, -74, -75],03/03/2022 16:28:19
[-86, -88, -100, -75, -73],03/03/2022 16:28:24
[-84, -100, -73, -80, -100],03/03/2022 16:28:28
[-84, -100, -72, -75, -73],03/03/2022 16:28:32
[-85, -100, -74, -74, -72],03/03/2022 16:28:36
[-85, -83, -74, -80, -73],03/03/2022 16:28:40
[-84, -88, -73, -75, -70],03/03/2022 16:28:44
[-83, -88, -79, -78, -70],03/03/2022 16:28:48
[-84, -91, -78, -74, -71],03/03/2022 16:28:53
[-87, -100, -78, -75, -74],03/03/2022 16:28:57
[-85, -100, -80, -81, -72],03/03/2022 16:29:01
[-86, -91, -73, -74, -75],03/03/2022 16:29:05
[-87, -100, -73, -79, -70],03/03/2022 16:29:09
[-84, -87, -77, -76, -70],03/03/2022 16:29:14
[-83, -85, -75, -74, -70],03/03/2022 16:29:18
[-100, -87, -79, -74, -70],03/03/2022 16:29:22
[-84, -100, -73, -74, -77],03/03/2022 16:29:26
[-84, -88, -73, -74, -73],03/03/2022 16:29:30
[-100, -100, -73, -75, -76],03/03/2022 16:29:34
[-86, -100, -73, -81, -76],03/03/2022 16:29:38
[-85, -100, -73, -80, -73],03/03/2022 16:29:43
[-100, -100, -78, -80, -73],03/03/2022 16:29:47
[-88, -100, -73, -80, -70],03/03/2022 16:29:51
[-100, -100, -78, -81, -73],03/03/2022 16:29:55
[-84, -100, -74, -75, -73],03/03/2022 16:29:59
[-84, -100, -79, -75, -75],03/03/2022 16:30:03
[-87, -100, -74, -74, -76],03/03/2022 16:30:08
[-100, -100, -71, -75, -76],03/03/2022 16:30:12
[-85, -86, -73, -81, -77],03/03/2022 16:30:16
[-86, -100, -73, -80, -76],03/03/2022 16:30:20
[-84, -100, -78, -74, -73],03/03/2022 16:30:24
[-84, -100, -79, -74, -73],03/03/2022 16:30:29
[-86, -87, -73, -74, -76],03/03/2022 16:30:33
[-85, -100, -79, -77, -73],03/03/2022 16:30:37
[-83, -88, -79, -75, -77],03/03/2022 16:30:41
[-86, -100, -73, -74, -71],03/03/2022 16:30:45
[-88, -100, -80, -75, -71],03/03/2022 16:30:49
[-87, -88, -73, -79, -70],03/03/2022 16:30:54
[-87, -100, -100, -74, -70],03/03/2022 16:30:58
[-85, -86, -72, -74, -73],03/03/2022 16:31:02
[-85, -100, -74, -75, -76],03/03/2022 16:31:06
[-85, -100, -75, -100, -77],03/03/2022 16:31:10
[-88, -100, -75, -75, -76],03/03/2022 16:31:14
[-85, -88, -75, -73, -76],03/03/2022 16:31:19
[-84, -90, -74, -76, -71],03/03/2022 16:31:23
[-85, -100, -76, -75, -68],03/03/2022 16:31:27
[-100, -100, -73, -73, -73],03/03/2022 16:31:31
[-83, -90, -77, -74, -70],03/03/2022 16:31:35
[-100, -95, -74, -74, -76],03/03/2022 16:31:39
[-85, -100, -74, -79, -75],03/03/2022 16:31:43
[-87, -87, -74, -74, -76],03/03/2022 16:31:48
[-83, -93, -72, -74, -76],03/03/2022 16:31:52
[-100, -86, -74, -75, -78],03/03/2022 16:31:56
[-87, -86, -80, -79, -73],03/03/2022 16:32:00
[-86, -94, -80, -79, -73],03/03/2022 16:32:04
[-100, -100, -77, -76, -73],03/03/2022 16:32:09
[-85, -100, -78, -73, -73],03/03/2022 16:32:13
[-85, -86, -70, -74, -73],03/03/2022 16:32:17
[-84, -100, -73, -73, -100],03/03/2022 16:32:25
[-86, -87, -71, -76, -73],03/03/2022 16:32:28
[-84, -84, -73, -79, -76],03/03/2022 16:32:32
[-84, -100, -73, -79, -70],03/03/2022 16:32:37
[-83, -100, -70, -79, -70],03/03/2022 16:32:41
[-86, -100, -100, -79, -73],03/03/2022 16:32:45
[-84, -100, -100, -80, -77],03/03/2022 16:32:49
[-84, -100, -77, -79, -73],03/03/2022 16:32:53
[-85, -100, -100, -74, -73],03/03/2022 16:32:57
[-86, -100, -76, -74, -77],03/03/2022 16:33:01
[-85, -100, -76, -74, -73],03/03/2022 16:33:06
[-83, -100, -75, -81, -69],03/03/2022 16:33:10
[-85, -100, -75, -74, -70],03/03/2022 16:33:14
[-86, -100, -76, -74, -76],03/03/2022 16:33:18
[-86, -100, -100, -74, -73],03/03/2022 16:33:22
[-84, -87, -75, -75, -73],03/03/2022 16:33:26
[-84, -100, -76, -74, -76],03/03/2022 16:33:31
[-84, -100, -75, -75, -69],03/03/2022 16:33:35
[-100, -100, -77, -81, -72],03/03/2022 16:33:39
[-87, -100, -76, -74, -75],03/03/2022 16:33:43
[-84, -86, -76, -73, -73],03/03/2022 16:33:47
[-84, -85, -77, -76, -73],03/03/2022 16:33:51
[-84, -100, -78, -100, -75],03/03/2022 16:33:56
[-82, -100, -76, -84, -70],03/03/2022 16:34:00
[-85, -100, -77, -80, -77],03/03/2022 16:34:04
[-100, -100, -77, -81, -74],03/03/2022 16:34:08
[-83, -86, -77, -73, -76],03/03/2022 16:34:12
[-86, -87, -77, -73, -73],03/03/2022 16:34:17
[-100, -100, -75, -74, -73],03/03/2022 16:34:21
[-89, -100, -79, -75, -72],03/03/2022 16:34:25
[-87, -87, -77, -74, -73],03/03/2022 16:34:29
[-87, -100, -77, -73, -70],03/03/2022 16:34:33
[-86, -100, -81, -82, -76],03/03/2022 16:34:37
[-85, -100, -76, -82, -73],03/03/2022 16:34:41
[-86, -100, -76, -82, -71],03/03/2022 16:34:46
[-89, -100, -76, -79, -69],03/03/2022 16:34:50
[-84, -100, -76, -75, -70],03/03/2022 16:34:54
[-100, -100, -74, -75, -73],03/03/2022 16:34:58
[-89, -100, -77, -75, -73],03/03/2022 16:35:02
[-83, -100, -76, -75, -72],03/03/2022 16:35:06
[-84, -100, -76, -75, -72],03/03/2022 16:35:11
[-84, -89, -72, -80, -71],03/03/2022 16:35:15
[-85, -100, -72, -76, -70],03/03/2022 16:35:19
[-85, -100, -73, -80, -74],03/03/2022 16:35:23
[-85, -88, -72, -77, -73],03/03/2022 16:35:27
[-85, -100, -100, -75, -69],03/03/2022 16:35:32
[-86, -100, -100, -75, -77],03/03/2022 16:35:36
[-83, -100, -73, -75, -71],03/03/2022 16:35:40
[-87, -84, -71, -73, -70],03/03/2022 16:35:44
[-86, -100, -71, -79, -69],03/03/2022 16:35:48
[-85, -100, -80, -76, -73],03/03/2022 16:35:52
[-83, -100, -78, -75, -73],03/03/2022 16:35:57
[-83, -100, -77, -74, -73],03/03/2022 16:36:01
[-84, -89, -71, -80, -72],03/03/2022 16:36:05
[-100, -100, -75, -80, -74],03/03/2022 16:36:09
[-100, -100, -76, -79, -71],03/03/2022 16:36:13
[-84, -100, -75, -75, -72],03/03/2022 16:36:17
[-83, -86, -76, -75, -70],03/03/2022 16:36:22
[-83, -100, -76, -75, -73],03/03/2022 16:36:26
[-87, -88, -100, -74, -79],03/03/2022 16:36:30
[-83, -100, -77, -77, -76],03/03/2022 16:36:34
[-86, -100, -100, -81, -76],03/03/2022 16:36:38
[-85, -100, -72, -74, -77],03/03/2022 16:36:42
[-84, -100, -81, -74, -74],03/03/2022 16:36:47
[-84, -100, -73, -74, -73],03/03/2022 16:36:51
[-84, -85, -78, -78, -72],03/03/2022 16:36:56
[-86, -100, -73, -76, -72],03/03/2022 16:36:59
[-82, -100, -73, -75, -79],03/03/2022 16:37:03
[-83, -100, -70, -78, -73],03/03/2022 16:37:07
[-82, -100, -72, -78, -71],03/03/2022 16:37:12
[-85, -100, -71, -77, -70],03/03/2022 16:37:16
[-83, -100, -74, -79, -69],03/03/2022 16:37:20
[-100, -100, -73, -77, -70],03/03/2022 16:37:24
[-83, -100, -100, -76, -74],03/03/2022 16:37:29
[-86, -100, -100, -76, -79],03/03/2022 16:37:33
[-85, -87, -77, -77, -79],03/03/2022 16:37:37
[-84, -100, -73, -76, -80],03/03/2022 16:37:41
[-83, -100, -74, -77, -76],03/03/2022 16:37:45
[-84, -100, -74, -75, -70],03/03/2022 16:37:49
[-84, -100, -73, -76, -71],03/03/2022 16:37:53
[-86, -100, -74, -75, -70],03/03/2022 16:37:57
[-82, -100, -74, -78, -69],03/03/2022 16:38:02
[-85, -90, -75, -79, -71],03/03/2022 16:38:06
[-86, -100, -75, -78, -77],03/03/2022 16:38:10
[-85, -100, -76, -77, -76],03/03/2022 16:38:14
[-88, -88, -73, -80, -77],03/03/2022 16:38:18
[-83, -86, -74, -78, -71],03/03/2022 16:38:22
[-83, -85, -100, -75, -73],03/03/2022 16:38:27
[-83, -100, -74, -77, -68],03/03/2022 16:38:31
[-84, -100, -74, -75, -73],03/03/2022 16:38:35
[-82, -100, -74, -100, -76],03/03/2022 16:38:39
[-85, -100, -72, -75, -73],03/03/2022 16:38:43
[-84, -100, -74, -75, -78],03/03/2022 16:38:47
[-84, -100, -75, -75, -70],03/03/2022 16:38:52
[-84, -100, -78, -75, -72],03/03/2022 16:38:56
[-86, -86, -75, -75, -71],03/03/2022 16:39:00
[-85, -100, -74, -76, -71],03/03/2022 16:39:04
[-83, -100, -76, -100, -73],03/03/2022 16:39:08
[-85, -85, -75, -78, -71],03/03/2022 16:39:12
[-100, -86, -77, -77, -70],03/03/2022 16:39:17
[-82, -100, -74, -77, -72],03/03/2022 16:39:21
[-83, -86, -75, -76, -70],03/03/2022 16:39:25
[-84, -86, -77, -76, -73],03/03/2022 16:39:29
[-85, -83, -80, -76, -76],03/03/2022 16:39:34
[-100, -100, -100, -75, -78],03/03/2022 16:39:37
[-84, -100, -80, -76, -72],03/03/2022 16:39:42
[-83, -100, -80, -80, -76],03/03/2022 16:39:46
[-85, -100, -77, -76, -71],03/03/2022 16:39:50
[-85, -86, -77, -75, -76],03/03/2022 16:39:54
[-87, -85, -76, -73, -70],03/03/2022 16:39:58
[-84, -100, -76, -76, -77],03/03/2022 16:40:02
[-84, -86, -79, -76, -72],03/03/2022 16:40:07
[-84, -93, -74, -75, -73],03/03/2022 16:40:11
[-84, -100, -77, -74, -77],03/03/2022 16:40:15
[-84, -86, -74, -75, -73],03/03/2022 16:40:19
[-83, -87, -76, -76, -72],03/03/2022 16:40:24
[-85, -91, -75, -81, -71],03/03/2022 16:40:28
[-86, -82, -78, -75, -73],03/03/2022 16:40:32
[-82, -87, -100, -78, -71],03/03/2022 16:40:36
[-84, -85, -75, -77, -70],03/03/2022 16:40:40
[-84, -100, -74, -75, -77],03/03/2022 16:40:44
[-85, -100, -75, -75, -78],03/03/2022 16:40:48
[-85, -100, -73, -75, -78],03/03/2022 16:40:53
[-85, -100, -74, -100, -77],03/03/2022 16:40:57
[-82, -100, -77, -75, -70],03/03/2022 16:41:01
[-86, -100, -75, -79, -72],03/03/2022 16:41:05
[-85, -100, -75, -75, -72],03/03/2022 16:41:09
[-83, -87, -76, -77, -72],03/03/2022 16:41:13
[-83, -100, -75, -75, -72],03/03/2022 16:41:18
[-100, -100, -76, -75, -72],03/03/2022 16:41:24
[-100, -86, -77, -76, -70],03/03/2022 16:41:27
[-85, -100, -77, -75, -69],03/03/2022 16:41:30
[-100, -100, -76, -76, -72],03/03/2022 16:41:34
[-82, -100, -76, -75, -70],03/03/2022 16:41:39
[-85, -88, -100, -76, -75],03/03/2022 16:41:43
[-83, -100, -78, -78, -77],03/03/2022 16:41:47
[-86, -100, -75, -78, -77],03/03/2022 16:41:51
[-83, -100, -75, -77, -70],03/03/2022 16:41:55
[-100, -87, -76, -75, -76],03/03/2022 16:41:59
[-86, -89, -75, -74, -73],03/03/2022 16:42:03
[-84, -85, -77, -77, -72],03/03/2022 16:42:08
[-83, -86, -77, -76, -70],03/03/2022 16:42:12
[-83, -100, -75, -76, -75],03/03/2022 16:42:16
[-84, -83, -77, -81, -78],03/03/2022 16:42:20
[-84, -86, -75, -78, -71],03/03/2022 16:42:24
[-87, -86, -75, -75, -71],03/03/2022 16:42:29
[-100, -83, -74, -74, -100],03/03/2022 16:42:33
[-86, -100, -79, -77, -71],03/03/2022 16:42:37
[-85, -100, -78, -75, -70],03/03/2022 16:42:41
[-83, -100, -77, -77, -71],03/03/2022 16:42:45
[-86, -100, -75, -75, -72],03/03/2022 16:42:49
[-100, -91, -75, -78, -72],03/03/2022 16:42:53
[-100, -100, -77, -75, -100],03/03/2022 16:42:57
[-85, -90, -75, -76, -70],03/03/2022 16:43:02
[-84, -100, -76, -79, -71],03/03/2022 16:43:06
[-100, -100, -75, -76, -72],03/03/2022 16:43:10
[-85, -100, -77, -76, -76],03/03/2022 16:43:14
[-83, -86, -77, -77, -72],03/03/2022 16:43:18
[-85, -100, -75, -78, -70],03/03/2022 16:43:22
[-100, -100, -72, -76, -72],03/03/2022 16:43:27
[-84, -100, -74, -75, -70],03/03/2022 16:43:31
[-84, -85, -75, -75, -72],03/03/2022 16:43:35
[-82, -100, -74, -76, -77],03/03/2022 16:43:39
[-100, -100, -100, -81, -71],03/03/2022 16:43:44
[-84, -100, -74, -83, -70],03/03/2022 16:43:47
[-100, -83, -77, -76, -77],03/03/2022 16:43:52
[-83, -100, -78, -76, -70],03/03/2022 16:43:56
[-83, -100, -77, -78, -72],03/03/2022 16:44:00
[-100, -100, -77, -80, -72],03/03/2022 16:44:04
[-87, -85, -77, -75, -72],03/03/2022 16:44:08
[-82, -100, -77, -74, -73],03/03/2022 16:44:13
[-83, -100, -76, -78, -70],03/03/2022 16:44:17
[-85, -87, -75, -79, -72],03/03/2022 16:44:21
[-84, -100, -76, -80, -70],03/03/2022 16:44:25
[-84, -100, -76, -79, -71],03/03/2022 16:44:29
[-83, -100, -74, -79, -100],03/03/2022 16:44:33
[-83, -100, -76, -79, -73],03/03/2022 16:44:37
[-100, -100, -76, -77, -73],03/03/2022 16:44:42
[-85, -87, -77, -75, -73],03/03/2022 16:44:46
[-89, -100, -76, -76, -74],03/03/2022 16:44:50
[-100, -100, -75, -79, -73],03/03/2022 16:44:54
[-83, -100, -75, -80, -74],03/03/2022 16:44:58
[-83, -85, -75, -100, -71],03/03/2022 16:45:02
[-100, -100, -77, -75, -71],03/03/2022 16:45:07
[-85, -100, -72, -75, -71],03/03/2022 16:45:11
[-84, -100, -76, -79, -73],03/03/2022 16:45:15
[-84, -100, -100, -79, -74],03/03/2022 16:45:19
[-84, -96, -77, -73, -73],03/03/2022 16:45:23
[-84, -100, -75, -80, -77],03/03/2022 16:45:27
[-100, -87, -76, -74, -71],03/03/2022 16:45:32
[-84, -86, -75, -75, -69],03/03/2022 16:45:36
[-87, -100, -75, -76, -73],03/03/2022 16:45:40
[-85, -100, -78, -76, -73],03/03/2022 16:45:44
[-84, -100, -77, -80, -74],03/03/2022 16:45:48
[-83, -100, -76, -75, -69],03/03/2022 16:45:52
[-83, -100, -76, -74, -76],03/03/2022 16:45:57
[-85, -92, -75, -73, -70],03/03/2022 16:46:01
[-83, -84, -72, -74, -70],03/03/2022 16:46:05
[-85, -100, -76, -74, -70],03/03/2022 16:46:09
[-83, -100, -72, -79, -77],03/03/2022 16:46:13
[-87, -100, -72, -79, -70],03/03/2022 16:46:17
[-84, -87, -78, -77, -77],03/03/2022 16:46:22
[-86, -100, -79, -74, -77],03/03/2022 16:46:26
[-100, -100, -72, -73, -77],03/03/2022 16:46:30
[-100, -100, -78, -75, -70],03/03/2022 16:46:34
[-86, -100, -77, -73, -71],03/03/2022 16:46:39
[-88, -100, -77, -74, -73],03/03/2022 16:46:42
[-85, -100, -75, -75, -73],03/03/2022 16:46:47
[-100, -100, -72, -79, -74],03/03/2022 16:46:51
[-87, -100, -75, -78, -76],03/03/2022 16:46:55
[-84, -86, -76, -79, -70],03/03/2022 16:46:59
[-87, -91, -72, -80, -69],03/03/2022 16:47:03
[-84, -88, -72, -74, -69],03/03/2022 16:47:08
[-84, -100, -78, -75, -78],03/03/2022 16:47:12
[-100, -100, -76, -74, -78],03/03/2022 16:47:16
[-85, -86, -80, -74, -100],03/03/2022 16:47:20
[-84, -100, -75, -78, -69],03/03/2022 16:47:24
[-85, -92, -72, -75, -70],03/03/2022 16:47:28
[-100, -100, -76, -73, -77],03/03/2022 16:47:33
[-83, -90, -72, -79, -76],03/03/2022 16:47:37
[-85, -100, -75, -79, -76],03/03/2022 16:47:41
[-83, -100, -76, -73, -100],03/03/2022 16:47:45
[-86, -100, -76, -75, -71],03/03/2022 16:47:49
[-84, -100, -76, -75, -77],03/03/2022 16:47:53