
[-100, -100, -60, -100, -71],03/03/2022 11:36:22
[-100, -100, -59, -73, -59],03/03/2022 11:36:26
[-100, -80, -61, -74, -59],03/03/2022 11:36:30
[-100, -81, -60, -78, -59],03/03/2022 11:36:34
[-89, -100, -60, -85, -60],03/03/2022 11:36:39
[-100, -100, -84, -74, -70],03/03/2022 11:36:43
[-89, -81, -57, -86, -59],03/03/2022 11:36:47
[-100, -84, -81, -73, -58],03/03/2022 11:36:51
[-88, -100, -57, -78, -59],03/03/2022 11:36:55
[-100, -83, -64, -73, -58],03/03/2022 11:36:59
[-92, -100, -58, -73, -59],03/03/2022 11:37:04
[-91, -100, -60, -73, -71],03/03/2022 11:37:08
[-100, -100, -62, -78, -72],03/03/2022 11:37:12
[-92, -100, -59, -73, -71],03/03/2022 11:37:16
[-89, -100, -83, -73, -71],03/03/2022 11:37:20
[-89, -100, -59, -73, -58],03/03/2022 11:37:24
[-100, -79, -83, -73, -60],03/03/2022 11:37:29
[-88, -100, -61, -78, -60],03/03/2022 11:37:33
[-100, -100, -64, -74, -71],03/03/2022 11:37:37
[-100, -100, -63, -78, -60],03/03/2022 11:37:41
[-92, -100, -64, -73, -58],03/03/2022 11:37:45
[-91, -100, -63, -73, -58],03/03/2022 11:37:50
[-100, -100, -81, -73, -59],03/03/2022 11:37:54
[-89, -100, -77, -73, -60],03/03/2022 11:37:58
[-90, -100, -59, -73, -59],03/03/2022 11:38:02
[-90, -100, -60, -75, -59],03/03/2022 11:38:06
[-100, -81, -81, -80, -59],03/03/2022 11:38:10
[-92, -100, -63, -74, -60],03/03/2022 11:38:14
[-93, -81, -60, -78, -59],03/03/2022 11:38:19
[-100, -83, -64, -80, -59],03/03/2022 11:38:23
[-100, -100, -64, -81, -59],03/03/2022 11:38:27
[-100, -100, -64, -74, -58],03/03/2022 11:38:31
[-89, -100, -79, -74, -58],03/03/2022 11:38:35
[-100, -100, -60, -74, -59],03/03/2022 11:38:39
[-100, -100, -59, -74, -71],03/03/2022 11:38:43
[-91, -100, -60, -74, -71],03/03/2022 11:38:48
[-100, -100, -64, -86, -60],03/03/2022 11:38:52
[-100, -100, -63, -79, -72],03/03/2022 11:38:56
[-92, -100, -64, -75, -60],03/03/2022 11:39:00
[-91, -100, -59, -74, -59],03/03/2022 11:39:04
[-93, -100, -63, -73, -59],03/03/2022 11:39:09
[-89, -82, -81, -74, -59],03/03/2022 11:39:13
[-100, -90, -59, -74, -59],03/03/2022 11:39:17
[-92, -100, -82, -74, -70],03/03/2022 11:39:21
[-100, -100, -60, -74, -58],03/03/2022 11:39:25
[-100, -100, -77, -86, -58],03/03/2022 11:39:29
[-100, -100, -59, -74, -59],03/03/2022 11:39:34
[-100, -100, -64, -74, -59],03/03/2022 11:39:38
[-100, -80, -64, -87, -70],03/03/2022 11:39:42
[-90, -85, -64, -80, -60],03/03/2022 11:39:46
[-100, -82, -78, -75, -71],03/03/2022 11:39:50
[-91, -81, -80, -74, -70],03/03/2022 11:39:54
[-100, -94, -78, -74, -59],03/03/2022 11:39:59
[-93, -100, -59, -74, -59],03/03/2022 11:40:03
[-100, -100, -59, -81, -59],03/03/2022 11:40:07
[-91, -84, -63, -88, -59],03/03/2022 11:40:11
[-91, -81, -63, -74, -60],03/03/2022 11:40:15
[-95, -81, -63, -89, -60],03/03/2022 11:40:19
[-92, -100, -63, -74, -59],03/03/2022 11:40:23
[-92, -100, -64, -74, -59],03/03/2022 11:40:28
[-100, -100, -60, -80, -58],03/03/2022 11:40:32
[-93, -100, -58, -74, -59],03/03/2022 11:40:36
[-100, -100, -59, -74, -70],03/03/2022 11:40:40
[-100, -81, -59, -74, -70],03/03/2022 11:40:44
[-100, -81, -63, -86, -70],03/03/2022 11:40:48
[-100, -81, -64, -74, -70],03/03/2022 11:40:53
[-88, -82, -64, -88, -59],03/03/2022 11:40:57
[-100, -81, -65, -75, -58],03/03/2022 11:41:01
[-100, -90, -64, -73, -60],03/03/2022 11:41:05
[-90, -82, -82, -80, -59],03/03/2022 11:41:09
[-100, -100, -59, -79, -70],03/03/2022 11:41:13
[-100, -83, -59, -86, -59],03/03/2022 11:41:18
[-100, -81, -58, -81, -59],03/03/2022 11:41:22
[-90, -83, -60, -74, -64],03/03/2022 11:41:26
[-100, -81, -60, -74, -60],03/03/2022 11:41:30
[-100, -100, -63, -74, -58],03/03/2022 11:41:34
[-90, -81, -59, -74, -70],03/03/2022 11:41:38
[-100, -82, -59, -85, -59],03/03/2022 11:41:43
[-90, -100, -58, -85, -70],03/03/2022 11:41:47
[-94, -81, -60, -86, -71],03/03/2022 11:41:51
[-100, -81, -63, -86, -59],03/03/2022 11:41:55
[-100, -86, -63, -74, -59],03/03/2022 11:41:59
[-90, -84, -59, -74, -59],03/03/2022 11:42:03
[-88, -100, -59, -81, -60],03/03/2022 11:42:08
[-100, -85, -59, -80, -59],03/03/2022 11:42:12
[-90, -83, -61, -81, -58],03/03/2022 11:42:16
[-100, -93, -59, -81, -59],03/03/2022 11:42:20
[-91, -84, -59, -87, -59],03/03/2022 11:42:24
[-100, -82, -64, -75, -58],03/03/2022 11:42:28
[-89, -80, -64, -74, -60],03/03/2022 11:42:33
[-100, -100, -85, -74, -71],03/03/2022 11:42:37
[-91, -100, -81, -74, -69],03/03/2022 11:42:41
[-93, -80, -59, -79, -71],03/03/2022 11:42:45
[-100, -83, -64, -81, -72],03/03/2022 11:42:49
[-100, -100, -59, -78, -59],03/03/2022 11:42:53
[-93, -87, -59, -82, -59],03/03/2022 11:42:58
[-100, -100, -61, -74, -59],03/03/2022 11:43:02
[-91, -85, -77, -74, -60],03/03/2022 11:43:06
[-90, -100, -77, -74, -59],03/03/2022 11:43:10
[-100, -100, -59, -74, -61],03/03/2022 11:43:14
[-100, -81, -59, -74, -58],03/03/2022 11:43:18
[-100, -84, -78, -80, -59],03/03/2022 11:43:23
[-92, -82, -78, -88, -58],03/03/2022 11:43:27
[-90, -83, -63, -79, -60],03/03/2022 11:43:31
[-90, -82, -64, -79, -60],03/03/2022 11:43:35
[-91, -83, -64, -74, -71],03/03/2022 11:43:40
[-100, -83, -59, -74, -70],03/03/2022 11:43:44
[-90, -100, -59, -74, -70],03/03/2022 11:43:48
[-90, -86, -59, -74, -59],03/03/2022 11:43:52
[-100, -100, -58, -74, -59],03/03/2022 11:43:56
[-100, -100, -58, -74, -59],03/03/2022 11:44:00
[-100, -100, -100, -74, -59],03/03/2022 11:44:04
[-100, -85, -59, -74, -59],03/03/2022 11:44:08
[-100, -83, -64, -74, -70],03/03/2022 11:44:12
[-100, -83, -60, -75, -59],03/03/2022 11:44:17
[-92, -85, -63, -73, -71],03/03/2022 11:44:21
[-100, -100, -59, -74, -59],03/03/2022 11:44:25
[-90, -83, -80, -81, -71],03/03/2022 11:44:29
[-91, -100, -62, -74, -59],03/03/2022 11:44:33
[-95, -100, -84, -75, -60],03/03/2022 11:44:38
[-100, -100, -58, -74, -71],03/03/2022 11:44:42
[-100, -88, -59, -87, -59],03/03/2022 11:44:46
[-100, -83, -64, -74, -59],03/03/2022 11:44:50
[-87, -87, -64, -72, -59],03/03/2022 11:44:54
[-100, -82, -64, -80, -60],03/03/2022 11:44:58
[-89, -83, -80, -79, -60],03/03/2022 11:45:03
[-100, -100, -64, -87, -60],03/03/2022 11:45:07
[-100, -81, -79, -78, -72],03/03/2022 11:45:11
[-91, -84, -78, -81, -71],03/03/2022 11:45:15
[-90, -100, -59, -75, -59],03/03/2022 11:45:19
[-90, -92, -64, -74, -59],03/03/2022 11:45:23
[-90, -81, -64, -74, -59],03/03/2022 11:45:28
[-91, -93, -63, -74, -59],03/03/2022 11:45:32
[-91, -84, -63, -81, -60],03/03/2022 11:45:36
[-100, -100, -59, -86, -59],03/03/2022 11:45:40
[-100, -100, -59, -82, -70],03/03/2022 11:45:44
[-100, -85, -60, -88, -59],03/03/2022 11:45:48
[-100, -100, -59, -74, -59],03/03/2022 11:45:52
[-92, -100, -63, -74, -59],03/03/2022 11:45:57
[-100, -100, -60, -79, -59],03/03/2022 11:46:01
[-90, -100, -80, -81, -59],03/03/2022 11:46:05
[-100, -100, -84, -79, -70],03/03/2022 11:46:09
[-90, -84, -64, -80, -70],03/03/2022 11:46:13
[-100, -82, -58, -80, -59],03/03/2022 11:46:18
[-92, -81, -60, -74, -58],03/03/2022 11:46:22
[-91, -81, -59, -88, -72],03/03/2022 11:46:26
[-91, -100, -61, -88, -59],03/03/2022 11:46:30
[-90, -100, -60, -74, -60],03/03/2022 11:46:34
[-89, -100, -77, -80, -59],03/03/2022 11:46:38
[-90, -100, -78, -74, -59],03/03/2022 11:46:42
[-100, -100, -78, -75, -59],03/03/2022 11:46:47
[-100, -82, -78, -79, -58],03/03/2022 11:46:51
[-100, -100, -58, -88, -59],03/03/2022 11:46:55
[-91, -87, -60, -87, -59],03/03/2022 11:46:59
[-90, -81, -65, -74, -59],03/03/2022 11:47:03
[-88, -87, -63, -74, -71],03/03/2022 11:47:08
[-100, -100, -64, -73, -59],03/03/2022 11:47:12
[-100, -82, -60, -80, -70],03/03/2022 11:47:16
[-100, -100, -58, -78, -60],03/03/2022 11:47:20
[-91, -100, -59, -79, -70],03/03/2022 11:47:24
[-91, -82, -59, -80, -59],03/03/2022 11:47:28
[-100, -82, -59, -74, -59],03/03/2022 11:47:33
[-89, -100, -63, -74, -59],03/03/2022 11:47:37
[-100, -100, -64, -75, -59],03/03/2022 11:47:41
[-89, -100, -66, -74, -68],03/03/2022 11:47:45
[-91, -100, -64, -74, -69],03/03/2022 11:47:49
[-100, -100, -63, -78, -71],03/03/2022 11:47:53
[-88, -82, -83, -79, -70],03/03/2022 11:47:59
[-89, -100, -60, -78, -71],03/03/2022 11:48:02
[-100, -100, -59, -79, -60],03/03/2022 11:48:06
[-92, -100, -80, -79, -60],03/03/2022 11:48:10
[-92, -83, -60, -87, -59],03/03/2022 11:48:14
[-100, -100, -63, -74, -59],03/03/2022 11:48:18
[-92, -83, -79, -74, -59],03/03/2022 11:48:23
[-91, -100, -80, -74, -59],03/03/2022 11:48:27
[-88, -85, -78, -74, -58],03/03/2022 11:48:31
[-100, -100, -59, -75, -58],03/03/2022 11:48:35
[-100, -100, -63, -74, -59],03/03/2022 11:48:39
[-100, -85, -66, -75, -71],03/03/2022 11:48:43
[-100, -82, -63, -75, -60],03/03/2022 11:48:47
[-100, -82, -63, -80, -70],03/03/2022 11:48:52
[-100, -82, -80, -74, -71],03/03/2022 11:48:56
[-89, -100, -78, -79, -71],03/03/2022 11:49:00
[-89, -81, -80, -74, -59],03/03/2022 11:49:04
[-93, -100, -78, -74, -58],03/03/2022 11:49:08
[-100, -81, -80, -74, -60],03/03/2022 11:49:13
[-90, -100, -63, -87, -59],03/03/2022 11:49:17
[-90, -90, -60, -85, -59],03/03/2022 11:49:21
[-89, -100, -59, -75, -70],03/03/2022 11:49:25
[-100, -100, -60, -80, -59],03/03/2022 11:49:29
[-89, -100, -60, -74, -71],03/03/2022 11:49:33
[-91, -100, -79, -74, -71],03/03/2022 11:49:38
[-89, -84, -80, -76, -59],03/03/2022 11:49:42
[-91, -100, -79, -74, -60],03/03/2022 11:49:46
[-100, -100, -79, -74, -60],03/03/2022 11:49:50
[-90, -84, -64, -86, -59],03/03/2022 11:49:54
[-100, -84, -60, -90, -59],03/03/2022 11:49:58
[-90, -84, -64, -78, -59],03/03/2022 11:50:02
[-89, -100, -63, -84, -70],03/03/2022 11:50:07
[-91, -100, -64, -81, -59],03/03/2022 11:50:11
[-100, -82, -80, -79, -59],03/03/2022 11:50:15
[-100, -82, -79, -79, -59],03/03/2022 11:50:19
[-91, -100, -59, -79, -59],03/03/2022 11:50:23
[-100, -100, -77, -74, -71],03/03/2022 11:50:28
[-100, -83, -59, -74, -59],03/03/2022 11:50:32
[-100, -84, -60, -74, -71],03/03/2022 11:50:36
[-90, -100, -63, -74, -58],03/03/2022 11:50:40
[-100, -84, -64, -74, -59],03/03/2022 11:50:44
[-91, -100, -63, -92, -60],03/03/2022 11:50:48
[-90, -82, -61, -88, -59],03/03/2022 11:50:52
[-100, -82, -81, -75, -59],03/03/2022 11:50:57
[-89, -100, -59, -75, -71],03/03/2022 11:51:01
[-87, -100, -82, -74, -71],03/03/2022 11:51:05
[-100, -100, -79, -74, -59],03/03/2022 11:51:09
[-90, -100, -63, -74, -59],03/03/2022 11:51:13
[-100, -100, -64, -80, -58],03/03/2022 11:51:17
[-100, -100, -64, -80, -59],03/03/2022 11:51:22
[-91, -100, -63, -74, -72],03/03/2022 11:51:26
[-93, -85, -60, -74, -59],03/03/2022 11:51:30
[-100, -83, -58, -80, -71],03/03/2022 11:51:34
[-100, -100, -59, -75, -59],03/03/2022 11:51:38
[-88, -82, -64, -74, -60],03/03/2022 11:51:42
[-100, -100, -59, -79, -59],03/03/2022 11:51:47
[-90, -100, -63, -85, -59],03/03/2022 11:51:51
[-100, -81, -59, -74, -59],03/03/2022 11:51:55
[-90, -100, -83, -84, -59],03/03/2022 11:51:59
[-89, -85, -59, -74, -71],03/03/2022 11:52:03
[-100, -100, -59, -79, -60],03/03/2022 11:52:07
[-89, -100, -60, -74, -59],03/03/2022 11:52:12
[-100, -100, -63, -80, -58],03/03/2022 11:52:16
[-88, -84, -64, -80, -60],03/03/2022 11:52:20
[-100, -85, -63, -73, -58],03/03/2022 11:52:24
[-92, -82, -60, -74, -60],03/03/2022 11:52:28
[-100, -100, -59, -74, -71],03/03/2022 11:52:33
[-93, -82, -59, -74, -58],03/03/2022 11:52:37
[-91, -100, -59, -74, -59],03/03/2022 11:52:41
[-100, -100, -60, -80, -70],03/03/2022 11:52:45
[-91, -100, -64, -74, -58],03/03/2022 11:52:49
[-92, -83, -64, -79, -59],03/03/2022 11:52:53
[-91, -100, -64, -74, -70],03/03/2022 11:52:57
[-92, -100, -64, -75, -59],03/03/2022 11:53:02
[-90, -100, -64, -74, -59],03/03/2022 11:53:06
[-100, -100, -59, -74, -58],03/03/2022 11:53:10
[-90, -100, -61, -74, -59],03/03/2022 11:53:14
[-100, -100, -59, -73, -71],03/03/2022 11:53:18
[-89, -84, -59, -87, -70],03/03/2022 11:53:22
[-100, -84, -60, -74, -59],03/03/2022 11:53:27
[-88, -100, -59, -74, -70],03/03/2022 11:53:31
[-92, -100, -58, -75, -60],03/03/2022 11:53:35
[-90, -100, -59, -73, -58],03/03/2022 11:53:39
[-89, -88, -59, -74, -60],03/03/2022 11:53:43
[-90, -100, -59, -74, -59],03/03/2022 11:53:48
[-100, -100, -65, -74, -59],03/03/2022 11:53:52
[-100, -100, -63, -79, -59],03/03/2022 11:53:56
[-100, -100, -60, -80, -61],03/03/2022 11:54:00
[-91, -100, -64, -74, -60],03/03/2022 11:54:04
[-91, -90, -59, -85, -59],03/03/2022 11:54:08
[-90, -100, -58, -74, -60],03/03/2022 11:54:12
[-89, -100, -59, -86, -70],03/03/2022 11:54:17
[-100, -80, -59, -80, -70],03/03/2022 11:54:21
[-91, -100, -64, -74, -69],03/03/2022 11:54:25
[-100, -100, -63, -74, -59],03/03/2022 11:54:29
[-100, -100, -64, -74, -59],03/03/2022 11:54:33
[-100, -81, -65, -79, -59],03/03/2022 11:54:38
[-100, -100, -64, -74, -59],03/03/2022 11:54:42
[-100, -100, -59, -74, -59],03/03/2022 11:54:46
[-100, -100, -59, -73, -71],03/03/2022 11:54:50
[-100, -100, -58, -74, -58],03/03/2022 11:54:54
[-100, -100, -64, -78, -58],03/03/2022 11:54:58
[-100, -100, -64, -87, -58],03/03/2022 11:55:02
[-100, -100, -59, -80, -59],03/03/2022 11:55:07
[-100, -87, -58, -89, -59],03/03/2022 11:55:11
[-100, -100, -58, -77, -70],03/03/2022 11:55:15
[-100, -100, -78, -85, -70],03/03/2022 11:55:19
[-90, -100, -62, -74, -72],03/03/2022 11:55:23
[-89, -100, -64, -73, -58],03/03/2022 11:55:27
[-100, -81, -64, -78, -55],03/03/2022 11:55:32
[-92, -83, -65, -80, -59],03/03/2022 11:55:36
[-91, -100, -64, -87, -60],03/03/2022 11:55:40
[-100, -83, -81, -74, -60],03/03/2022 11:55:44
[-100, -87, -59, -74, -60],03/03/2022 11:55:48
[-100, -100, -60, -74, -58],03/03/2022 11:55:53
[-100, -100, -60, -75, -58],03/03/2022 11:55:57
[-100, -100, -59, -86, -59],03/03/2022 11:56:01
[-100, -85, -63, -80, -59],03/03/2022 11:56:05
[-100, -82, -64, -86, -59],03/03/2022 11:56:09
[-100, -84, -58, -87, -70],03/03/2022 11:56:13
[-100, -80, -64, -74, -69],03/03/2022 11:56:18
[-100, -81, -59, -74, -69],03/03/2022 11:56:22
[-100, -100, -58, -74, -70],03/03/2022 11:56:26
[-100, -80, -59, -74, -59],03/03/2022 11:56:30
[-100, -100, -64, -79, -60],03/03/2022 11:56:34
[-100, -84, -58, -86, -59],03/03/2022 11:56:38
[-100, -100, -59, -74, -59],03/03/2022 11:56:42
[-100, -81, -84, -74, -60],03/03/2022 11:56:47
[-100, -83, -61, -74, -58],03/03/2022 11:56:51
[-100, -83, -86, -85, -59],03/03/2022 11:56:55
[-100, -100, -60, -80, -59],03/03/2022 11:56:59
[-100, -100, -64, -80, -58],03/03/2022 11:57:03
[-100, -82, -64, -82, -58],03/03/2022 11:57:07
[-100, -81, -65, -81, -71],03/03/2022 11:57:12
[-100, -100, -64, -74, -70],03/03/2022 11:57:16
[-100, -100, -59, -74, -71],03/03/2022 11:57:20
[-100, -100, -61, -75, -60],03/03/2022 11:57:24
[-100, -100, -59, -74, -59],03/03/2022 11:57:28
[-100, -82, -60, -74, -59],03/03/2022 11:57:33
[-100, -100, -60, -85, -59],03/03/2022 11:57:37
[-100, -100, -64, -74, -60],03/03/2022 11:57:41
[-100, -85, -62, -74, -59],03/03/2022 11:57:45
[-100, -84, -82, -85, -59],03/03/2022 11:57:49
[-100, -100, -59, -73, -59],03/03/2022 11:57:54
[-100, -100, -59, -81, -59],03/03/2022 11:57:58
[-100, -89, -64, -81, -59],03/03/2022 11:58:02
[-94, -100, -59, -74, -59],03/03/2022 11:58:06
[-91, -100, -64, -80, -71],03/03/2022 11:58:10
[-100, -86, -64, -74, -70],03/03/2022 11:58:14
[-100, -100, -84, -84, -71],03/03/2022 11:58:18
[-94, -100, -59, -86, -70],03/03/2022 11:58:23
[-93, -100, -84, -74, -59],03/03/2022 11:58:27
[-100, -100, -60, -74, -59],03/03/2022 11:58:31
[-100, -89, -59, -80, -60],03/03/2022 11:58:35
[-91, -100, -64, -79, -60],03/03/2022 11:58:39
[-87, -82, -64, -74, -59],03/03/2022 11:58:43
[-100, -88, -64, -79, -59],03/03/2022 11:58:48
[-89, -85, -64, -79, -58],03/03/2022 11:58:52
[-100, -83, -63, -87, -59],03/03/2022 11:58:56
[-100, -100, -59, -74, -59],03/03/2022 11:59:00
[-100, -82, -59, -74, -59],03/03/2022 11:59:05
[-100, -100, -59, -73, -59],03/03/2022 11:59:09
[-93, -89, -59, -80, -70],03/03/2022 11:59:13
[-93, -100, -59, -80, -70],03/03/2022 11:59:17
[-91, -100, -63, -80, -69],03/03/2022 11:59:21
[-100, -100, -80, -80, -58],03/03/2022 11:59:25
[-100, -100, -63, -80, -59],03/03/2022 11:59:29
[-100, -81, -83, -74, -70],03/03/2022 11:59:33
[-100, -100, -64, -79, -59],03/03/2022 11:59:38
[-100, -100, -59, -86, -59],03/03/2022 11:59:42
[-100, -83, -64, -74, -59],03/03/2022 11:59:46
[-100, -84, -59, -74, -71],03/03/2022 11:59:50
[-92, -81, -64, -74, -59],03/03/2022 11:59:54
[-100, -100, -81, -74, -58],03/03/2022 11:59:58
[-100, -100, -60, -77, -60],03/03/2022 12:00:03
[-100, -83, -58, -85, -59],03/03/2022 12:00:07
[-100, -81, -60, -75, -59],03/03/2022 12:00:11
[-100, -100, -64, -73, -59],03/03/2022 12:00:15
[-100, -100, -64, -73, -70],03/03/2022 12:00:19
[-100, -100, -60, -80, -60],03/03/2022 12:00:24
[-100, -100, -63, -73, -60],03/03/2022 12:00:28
[-96, -100, -59, -78, -59],03/03/2022 12:00:32
[-100, -100, -59, -74, -59],03/03/2022 12:00:36
[-100, -79, -59, -74, -59],03/03/2022 12:00:40
[-100, -100, -59, -73, -70],03/03/2022 12:00:44
[-100, -100, -59, -74, -72],03/03/2022 12:00:48
[-100, -100, -58, -80, -59],03/03/2022 12:00:53
[-100, -100, -82, -80, -72],03/03/2022 12:00:57
[-100, -85, -82, -80, -59],03/03/2022 12:01:01
[-100, -100, -64, -86, -60],03/03/2022 12:01:05
[-100, -100, -58, -74, -71],03/03/2022 12:01:09
[-92, -89, -64, -74, -70],03/03/2022 12:01:13
[-100, -100, -64, -74, -71],03/03/2022 12:01:18
[-100, -100, -64, -73, -59],03/03/2022 12:01:22
[-100, -100, -64, -74, -59],03/03/2022 12:01:26
[-100, -100, -62, -80, -60],03/03/2022 12:01:30
[-100, -100, -83, -88, -60],03/03/2022 12:01:34
[-100, -100, -58, -84, -59],03/03/2022 12:01:38
[-100, -100, -80, -84, -60],03/03/2022 12:01:43
[-100, -100, -60, -74, -71],03/03/2022 12:01:47
[-100, -83, -87, -74, -60],03/03/2022 12:01:51
[-100, -100, -59, -74, -71],03/03/2022 12:01:55
[-100, -100, -66, -74, -71],03/03/2022 12:01:59
[-100, -100, -60, -74, -58],03/03/2022 12:02:04
[-100, -81, -64, -74, -60],03/03/2022 12:02:08
[-100, -100, -59, -74, -60],03/03/2022 12:02:12
[-100, -88, -59, -74, -60],03/03/2022 12:02:16
[-100, -100, -58, -74, -58],03/03/2022 12:02:20
[-92, -84, -58, -74, -71],03/03/2022 12:02:24
[-100, -100, -59, -80, -59],03/03/2022 12:02:28
[-100, -100, -64, -79, -70],03/03/2022 12:02:33
[-94, -82, -64, -78, -59],03/03/2022 12:02:37
[-94, -100, -64, -80, -69],03/03/2022 12:02:41
[-100, -81, -63, -80, -70],03/03/2022 12:02:45
[-91, -100, -62, -73, -58],03/03/2022 12:02:49
[-100, -100, -59, -74, -70],03/03/2022 12:02:53
[-90, -100, -78, -74, -70],03/03/2022 12:02:58
[-100, -82, -59, -73, -59],03/03/2022 12:03:02
[-100, -100, -59, -73, -61],03/03/2022 12:03:06
[-100, -100, -77, -73, -60],03/03/2022 12:03:10
[-91, -100, -75, -74, -60],03/03/2022 12:03:14
[-100, -100, -100, -73, -60],03/03/2022 12:03:19
[-100, -100, -58, -74, -69],03/03/2022 12:03:23
[-100, -100, -58, -80, -58],03/03/2022 12:03:27
[-100, -100, -63, -73, -70],03/03/2022 12:03:31
[-100, -100, -66, -79, -59],03/03/2022 12:03:35
[-100, -85, -75, -73, -60],03/03/2022 12:03:39
[-100, -81, -63, -80, -60],03/03/2022 12:03:43
[-100, -82, -75, -73, -59],03/03/2022 12:03:48
[-100, -81, -59, -91, -71],03/03/2022 12:03:52
[-100, -87, -58, -79, -60],03/03/2022 12:03:56
[-100, -100, -59, -81, -59],03/03/2022 12:04:00
[-93, -88, -64, -79, -59],03/03/2022 12:04:04
[-100, -84, -77, -81, -59],03/03/2022 12:04:09
[-100, -82, -58, -78, -59],03/03/2022 12:04:13
[-90, -100, -77, -80, -59],03/03/2022 12:04:17
[-100, -84, -77, -93, -70],03/03/2022 12:04:21
[-100, -100, -79, -74, -70],03/03/2022 12:04:25
[-100, -84, -63, -74, -71],03/03/2022 12:04:29
[-100, -100, -58, -74, -71],03/03/2022 12:04:33
[-100, -82, -63, -73, -59],03/03/2022 12:04:38
[-91, -83, -63, -74, -59],03/03/2022 12:04:42
[-100, -81, -58, -91, -60],03/03/2022 12:04:46
[-100, -86, -59, -80, -60],03/03/2022 12:04:50
[-92, -86, -61, -73, -59],03/03/2022 12:04:54
[-100, -82, -59, -78, -70],03/03/2022 12:04:58
[-100, -85, -60, -73, -59],03/03/2022 12:05:03
[-100, -86, -64, -74, -59],03/03/2022 12:05:07
[-100, -84, -64, -74, -59],03/03/2022 12:05:11
[-100, -89, -63, -74, -59],03/03/2022 12:05:15
[-91, -82, -63, -74, -60],03/03/2022 12:05:19
[-100, -84, -77, -92, -60],03/03/2022 12:05:23
[-100, -100, -59, -88, -60],03/03/2022 12:05:28
[-90, -86, -59, -75, -59],03/03/2022 12:05:32
[-91, -82, -63, -89, -59],03/03/2022 12:05:36
[-91, -100, -64, -74, -59],03/03/2022 12:05:40
[-100, -81, -63, -81, -59],03/03/2022 12:05:44
[-100, -81, -59, -74, -60],03/03/2022 12:05:48
[-92, -81, -79, -74, -59],03/03/2022 12:05:53
[-100, -83, -60, -75, -71],03/03/2022 12:05:57
[-100, -100, -60, -87, -70],03/03/2022 12:06:01
[-100, -100, -63, -91, -71],03/03/2022 12:06:05
[-91, -82, -59, -73, -59],03/03/2022 12:06:09
[-100, -81, -63, -75, -60],03/03/2022 12:06:14
[-100, -100, -63, -74, -59],03/03/2022 12:06:18
[-100, -82, -77, -80, -60],03/03/2022 12:06:22
[-91, -83, -81, -80, -60],03/03/2022 12:06:26
[-100, -100, -79, -80, -60],03/03/2022 12:06:30
[-91, -82, -59, -80, -59],03/03/2022 12:06:34
[-100, -86, -60, -74, -58],03/03/2022 12:06:38
[-100, -87, -59, -87, -59],03/03/2022 12:06:43
[-90, -86, -65, -88, -59],03/03/2022 12:06:47
[-90, -89, -78, -74, -60],03/03/2022 12:06:51
[-100, -83, -82, -73, -70],03/03/2022 12:06:55
[-100, -83, -84, -80, -70],03/03/2022 12:06:59
[-90, -82, -60, -80, -70],03/03/2022 12:07:03
[-100, -86, -59, -80, -70],03/03/2022 12:07:08
[-100, -87, -59, -81, -59],03/03/2022 12:07:12
[-90, -82, -60, -79, -60],03/03/2022 12:07:16
[-100, -100, -63, -73, -60],03/03/2022 12:07:20
[-93, -86, -82, -73, -60],03/03/2022 12:07:24
[-100, -86, -82, -74, -59],03/03/2022 12:07:28
[-95, -82, -61, -74, -59],03/03/2022 12:07:33
[-100, -83, -59, -73, -59],03/03/2022 12:07:37
[-100, -88, -82, -81, -70],03/03/2022 12:07:41
[-90, -86, -59, -81, -70],03/03/2022 12:07:45
[-100, -84, -63, -89, -71],03/03/2022 12:07:49
[-91, -82, -64, -80, -60],03/03/2022 12:07:54
[-100, -100, -64, -74, -60],03/03/2022 12:07:58
[-100, -82, -59, -73, -60],03/03/2022 12:08:02
[-100, -88, -59, -74, -60],03/03/2022 12:08:06
[-100, -87, -82, -74, -71],03/03/2022 12:08:10
[-100, -100, -61, -88, -59],03/03/2022 12:08:14
[-91, -100, -59, -79, -59],03/03/2022 12:08:19
[-100, -84, -64, -74, -58],03/03/2022 12:08:23
[-100, -100, -63, -79, -59],03/03/2022 12:08:27
[-89, -83, -64, -90, -60],03/03/2022 12:08:31
[-92, -100, -64, -80, -69],03/03/2022 12:08:35
[-88, -100, -64, -74, -60],03/03/2022 12:08:39
[-100, -100, -61, -74, -60],03/03/2022 12:08:44
[-100, -82, -80, -74, -59],03/03/2022 12:08:48
[-100, -100, -59, -74, -58],03/03/2022 12:08:52
[-88, -85, -64, -89, -59],03/03/2022 12:08:56
[-100, -84, -83, -74, -59],03/03/2022 12:09:00
[-100, -83, -62, -74, -59],03/03/2022 12:09:04
[-100, -86, -63, -73, -71],03/03/2022 12:09:09
[-92, -100, -78, -74, -71],03/03/2022 12:09:13
[-100, -100, -58, -82, -71],03/03/2022 12:09:17
[-100, -100, -62, -80, -59],03/03/2022 12:09:21
[-100, -100, -63, -80, -59],03/03/2022 12:09:25
[-100, -82, -63, -79, -59],03/03/2022 12:09:29
[-100, -100, -61, -80, -60],03/03/2022 12:09:34
[-91, -89, -63, -74, -59],03/03/2022 12:09:38
[-100, -86, -78, -74, -60],03/03/2022 12:09:42
[-92, -90, -81, -74, -59],03/03/2022 12:09:46
[-100, -90, -84, -74, -59],03/03/2022 12:09:50
[-100, -84, -61, -78, -59],03/03/2022 12:09:54
[-100, -94, -80, -74, -59],03/03/2022 12:09:59
[-100, -86, -62, -74, -58],03/03/2022 12:10:03
[-91, -81, -62, -87, -70],03/03/2022 12:10:07
[-89, -93, -63, -78, -59],03/03/2022 12:10:11
[-100, -89, -63, -75, -71],03/03/2022 12:10:15
[-94, -100, -59, -74, -71],03/03/2022 12:10:19
[-100, -100, -63, -89, -59],03/03/2022 12:10:24
[-100, -81, -60, -80, -59],03/03/2022 12:10:28
[-100, -80, -100, -80, -60],03/03/2022 12:10:32
[-91, -88, -60, -75, -60],03/03/2022 12:10:36
[-100, -100, -59, -75, -60],03/03/2022 12:10:40
[-100, -86, -59, -75, -59],03/03/2022 12:10:44
[-100, -86, -63, -74, -58],03/03/2022 12:10:49
[-100, -82, -63, -80, -59],03/03/2022 12:10:53
[-100, -100, -79, -79, -59],03/03/2022 12:10:57
[-100, -82, -60, -79, -59],03/03/2022 12:11:01
[-100, -81, -60, -79, -70],03/03/2022 12:11:05
[-88, -82, -60, -79, -59],03/03/2022 12:11:09
[-100, -84, -59, -74, -70],03/03/2022 12:11:14
[-100, -100, -62, -74, -71],03/03/2022 12:11:18
[-100, -81, -62, -74, -71],03/03/2022 12:11:22
[-100, -86, -62, -74, -59],03/03/2022 12:11:26
[-100, -81, -62, -75, -58],03/03/2022 12:11:30
[-95, -100, -62, -79, -60],03/03/2022 12:11:34
[-100, -100, -59, -79, -60],03/03/2022 12:11:39
[-100, -81, -80, -75, -59],03/03/2022 12:11:43
[-100, -91, -60, -78, -60],03/03/2022 12:11:47
[-100, -83, -59, -79, -70],03/03/2022 12:11:51
[-100, -85, -64, -74, -59],03/03/2022 12:11:55
[-100, -100, -64, -74, -58],03/03/2022 12:11:59
[-100, -91, -83, -73, -60],03/03/2022 12:12:04
[-100, -84, -61, -74, -59],03/03/2022 12:12:08
[-100, -82, -59, -89, -60],03/03/2022 12:12:12
[-100, -95, -63, -90, -60],03/03/2022 12:12:16
[-90, -89, -60, -79, -58],03/03/2022 12:12:20
[-91, -100, -64, -74, -59],03/03/2022 12:12:24
[-100, -84, -64, -89, -58],03/03/2022 12:12:29
[-100, -85, -64, -74, -59],03/03/2022 12:12:33
[-100, -83, -59, -74, -59],03/03/2022 12:12:37
[-100, -81, -59, -74, -59],03/03/2022 12:12:41
[-100, -82, -59, -75, -60],03/03/2022 12:12:45
[-100, -85, -80, -74, -70],03/03/2022 12:12:49
[-100, -100, -63, -74, -59],03/03/2022 12:12:54
[-100, -93, -63, -89, -71],03/03/2022 12:12:58
[-100, -100, -62, -73, -59],03/03/2022 12:13:02
[-100, -86, -57, -74, -59],03/03/2022 12:13:06
[-100, -83, -63, -74, -61],03/03/2022 12:13:10
[-100, -100, -58, -74, -59],03/03/2022 12:13:14
[-100, -83, -60, -79, -59],03/03/2022 12:13:19
[-100, -82, -59, -78, -57],03/03/2022 12:13:23
[-100, -89, -58, -75, -70],03/03/2022 12:13:27
[-100, -100, -59, -74, -70],03/03/2022 12:13:31
[-100, -85, -63, -74, -60],03/03/2022 12:13:35
[-100, -82, -63, -74, -59],03/03/2022 12:13:39
[-100, -85, -63, -80, -59],03/03/2022 12:13:44
[-100, -98, -79, -92, -59],03/03/2022 12:13:48
[-100, -91, -59, -73, -58],03/03/2022 12:13:52
[-94, -92, -60, -83, -60],03/03/2022 12:13:56
[-100, -82, -59, -83, -58],03/03/2022 12:14:00
[-100, -82, -59, -82, -59],03/03/2022 12:14:05
[-100, -89, -58, -83, -59],03/03/2022 12:14:09
[-100, -83, -77, -80, -59],03/03/2022 12:14:13
[-91, -83, -76, -75, -59],03/03/2022 12:14:17
[-100, -100, -75, -80, -59],03/03/2022 12:14:21
[-92, -81, -75, -81, -70],03/03/2022 12:14:25
[-91, -83, -60, -83, -70],03/03/2022 12:14:29
[-100, -81, -59, -85, -70],03/03/2022 12:14:34
[-100, -80, -64, -74, -59],03/03/2022 12:14:38
[-100, -83, -58, -85, -59],03/03/2022 12:14:42
[-90, -100, -63, -81, -59],03/03/2022 12:14:46
[-100, -82, -63, -80, -59],03/03/2022 12:14:50
[-100, -84, -74, -81, -58],03/03/2022 12:14:54
[-100, -83, -63, -80, -70],03/03/2022 12:14:59
[-100, -81, -76, -81, -70],03/03/2022 12:15:03
[-92, -86, -82, -82, -70],03/03/2022 12:15:07
[-90, -100, -59, -74, -70],03/03/2022 12:15:11
[-100, -100, -60, -74, -58],03/03/2022 12:15:15
[-100, -100, -60, -81, -59],03/03/2022 12:15:19
[-100, -82, -60, -85, -60],03/03/2022 12:15:24
[-100, -82, -59, -81, -59],03/03/2022 12:15:28
[-100, -100, -64, -79, -60],03/03/2022 12:15:32
[-100, -100, -62, -78, -59],03/03/2022 12:15:36
[-100, -84, -62, -80, -70],03/03/2022 12:15:40
[-100, -100, -64, -74, -59],03/03/2022 12:15:44
[-91, -81, -59, -73, -70],03/03/2022 12:15:49
[-89, -82, -83, -73, -70],03/03/2022 12:15:53
[-100, -84, -59, -74, -59],03/03/2022 12:15:57
[-100, -81, -60, -73, -60],03/03/2022 12:16:01
[-100, -84, -59, -73, -59],03/03/2022 12:16:05
[-92, -84, -81, -90, -60],03/03/2022 12:16:09
[-100, -84, -59, -86, -60],03/03/2022 12:16:13
[-94, -83, -80, -74, -60],03/03/2022 12:16:18
[-100, -100, -78, -74, -58],03/03/2022 12:16:22
[-100, -100, -79, -74, -71],03/03/2022 12:16:26
[-100, -100, -59, -79, -58],03/03/2022 12:16:30
[-100, -85, -60, -74, -59],03/03/2022 12:16:34
[-100, -84, -59, -73, -59],03/03/2022 12:16:39
[-100, -84, -59, -89, -59],03/03/2022 12:16:43
[-100, -87, -100, -91, -70],03/03/2022 12:16:47
[-92, -100, -59, -73, -59],03/03/2022 12:16:51
[-100, -83, -59, -74, -59],03/03/2022 12:16:55
[-100, -85, -59, -87, -59],03/03/2022 12:17:00
[-93, -100, -58, -79, -59],03/03/2022 12:17:04
[-92, -100, -78, -74, -60],03/03/2022 12:17:08
[-100, -100, -63, -81, -59],03/03/2022 12:17:12
[-93, -83, -63, -81, -69],03/03/2022 12:17:16
[-100, -84, -80, -81, -60],03/03/2022 12:17:20
[-100, -86, -63, -74, -70],03/03/2022 12:17:24
[-91, -83, -60, -73, -58],03/03/2022 12:17:29
[-100, -100, -64, -73, -59],03/03/2022 12:17:33
[-100, -82, -62, -73, -59],03/03/2022 12:17:37
[-100, -84, -59, -79, -60],03/03/2022 12:17:41
[-91, -82, -79, -79, -71],03/03/2022 12:17:45
[-100, -85, -79, -79, -70],03/03/2022 12:17:49
[-100, -85, -84, -87, -59],03/03/2022 12:17:54
[-93, -84, -59, -79, -59],03/03/2022 12:17:58
[-100, -83, -59, -74, -59],03/03/2022 12:18:02
[-100, -82, -63, -74, -59],03/03/2022 12:18:07
[-100, -85, -63, -73, -59],03/03/2022 12:18:10
[-100, -81, -63, -73, -70],03/03/2022 12:18:14
[-91, -100, -78, -73, -70],03/03/2022 12:18:19
[-100, -100, -59, -74, -69],03/03/2022 12:18:23
[-100, -82, -58, -88, -59],03/03/2022 12:18:27
[-100, -100, -59, -90, -70],03/03/2022 12:18:31
[-100, -84, -59, -74, -59],03/03/2022 12:18:35
[-100, -84, -63, -73, -70],03/03/2022 12:18:39
[-100, -89, -78, -73, -69],03/03/2022 12:18:44
[-100, -84, -60, -73, -71],03/03/2022 12:18:48
[-100, -91, -80, -73, -59],03/03/2022 12:18:52
[-100, -92, -59, -80, -59],03/03/2022 12:18:56
[-100, -100, -81, -87, -60],03/03/2022 12:19:00
[-100, -100, -59, -73, -60],03/03/2022 12:19:04
[-100, -85, -64, -87, -59],03/03/2022 12:19:09
[-100, -100, -63, -73, -69],03/03/2022 12:19:13
[-100, -100, -79, -74, -59],03/03/2022 12:19:17
[-100, -83, -63, -73, -59],03/03/2022 12:19:21
[-90, -83, -79, -73, -59],03/03/2022 12:19:25
[-100, -85, -58, -74, -60],03/03/2022 12:19:29
[-100, -81, -60, -79, -59],03/03/2022 12:19:34
[-100, -89, -60, -86, -59],03/03/2022 12:19:38
[-100, -82, -63, -74, -71],03/03/2022 12:19:42
[-100, -83, -83, -73, -59],03/03/2022 12:19:46
[-100, -81, -63, -74, -58],03/03/2022 12:19:50
[-100, -85, -78, -86, -59],03/03/2022 12:19:55
[-91, -84, -62, -73, -59],03/03/2022 12:19:59
[-92, -100, -60, -80, -59],03/03/2022 12:20:03
[-100, -86, -77, -74, -60],03/03/2022 12:20:07
[-100, -81, -60, -81, -70],03/03/2022 12:20:11
[-100, -89, -60, -74, -71],03/03/2022 12:20:15
[-91, -82, -60, -74, -71],03/03/2022 12:20:20
[-100, -83, -63, -73, -59],03/03/2022 12:20:24
[-100, -86, -64, -74, -72],03/03/2022 12:20:28
[-94, -83, -63, -73, -60],03/03/2022 12:20:32
[-100, -81, -63, -74, -59],03/03/2022 12:20:36
[-100, -85, -60, -80, -60],03/03/2022 12:20:41
[-100, -82, -60, -80, -60],03/03/2022 12:20:44
[-94, -83, -59, -80, -59],03/03/2022 12:20:49
[-90, -83, -63, -78, -59],03/03/2022 12:20:53
[-100, -100, -63, -73, -60],03/03/2022 12:20:57
[-100, -92, -79, -74, -59],03/03/2022 12:21:01
[-100, -91, -61, -74, -58],03/03/2022 12:21:05
[-100, -86, -60, -74, -70],03/03/2022 12:21:10
[-93, -100, -60, -74, -59],03/03/2022 12:21:14
[-92, -100, -61, -90, -70],03/03/2022 12:21:18
[-100, -81, -81, -73, -59],03/03/2022 12:21:22
[-100, -81, -64, -73, -70],03/03/2022 12:21:26
[-92, -84, -60, -72, -71],03/03/2022 12:21:30
[-96, -98, -82, -79, -60],03/03/2022 12:21:35
[-100, -86, -61, -79, -60],03/03/2022 12:21:39
[-100, -89, -61, -91, -59],03/03/2022 12:21:43
[-100, -81, -63, -73, -60],03/03/2022 12:21:47
[-100, -85, -65, -89, -59],03/03/2022 12:21:51
[-100, -82, -64, -73, -59],03/03/2022 12:21:55
[-100, -100, -82, -74, -59],03/03/2022 12:22:00
[-100, -84, -80, -73, -60],03/03/2022 12:22:04
[-100, -85, -60, -79, -70],03/03/2022 12:22:08
[-100, -89, -60, -78, -60],03/03/2022 12:22:12
[-100, -84, -59, -73, -71],03/03/2022 12:22:16
[-100, -83, -82, -79, -71],03/03/2022 12:22:20
[-100, -100, -63, -88, -71],03/03/2022 12:22:25
[-100, -82, -60, -75, -58],03/03/2022 12:22:29
[-90, -84, -63, -74, -60],03/03/2022 12:22:33
[-90, -81, -61, -79, -59],03/03/2022 12:22:37
[-100, -87, -61, -74, -60],03/03/2022 12:22:41
[-100, -81, -61, -78, -70],03/03/2022 12:22:45
[-100, -100, -61, -100, -59],03/03/2022 12:22:50
[-100, -100, -60, -78, -59],03/03/2022 12:22:54
[-100, -88, -62, -79, -59],03/03/2022 12:22:58
[-100, -88, -63, -80, -59],03/03/2022 12:23:02
[-100, -82, -60, -79, -59],03/03/2022 12:23:06
[-100, -82, -62, -79, -59],03/03/2022 12:23:10
[-100, -85, -60, -74, -70],03/03/2022 12:23:15
[-92, -83, -64, -74, -70],03/03/2022 12:23:19
[-95, -100, -60, -73, -70],03/03/2022 12:23:23
[-100, -85, -63, -73, -60],03/03/2022 12:23:27
[-100, -82, -59, -73, -60],03/03/2022 12:23:31
[-95, -82, -79, -73, -60],03/03/2022 12:23:35
[-100, -80, -85, -74, -59],03/03/2022 12:23:40
[-100, -81, -61, -73, -70],03/03/2022 12:23:44
[-93, -100, -61, -74, -59],03/03/2022 12:23:48
[-100, -84, -80, -79, -70],03/03/2022 12:23:52
[-91, -85, -64, -79, -58],03/03/2022 12:23:56
[-91, -100, -64, -78, -58],03/03/2022 12:24:00
[-100, -83, -63, -79, -59],03/03/2022 12:24:05
[-100, -84, -64, -79, -59],03/03/2022 12:24:09
[-100, -86, -59, -74, -71],03/03/2022 12:24:13
[-100, -100, -81, -88, -59],03/03/2022 12:24:17
[-100, -81, -82, -89, -59],03/03/2022 12:24:21
[-100, -81, -61, -90, -59],03/03/2022 12:24:26
[-92, -83, -60, -79, -59],03/03/2022 12:24:30
[-100, -83, -63, -79, -58],03/03/2022 12:24:34
[-93, -87, -63, -79, -59],03/03/2022 12:24:38
[-100, -100, -64, -74, -71],03/03/2022 12:24:42
[-100, -100, -60, -73, -70],03/03/2022 12:24:46
[-100, -85, -81, -72, -71],03/03/2022 12:24:51
[-100, -81, -60, -74, -59],03/03/2022 12:24:55
[-100, -83, -63, -75, -59],03/03/2022 12:25:00
[-93, -83, -63, -73, -61],03/03/2022 12:25:03
[-100, -83, -60, -74, -59],03/03/2022 12:25:07
[-100, -86, -64, -100, -70],03/03/2022 12:25:11
[-100, -82, -83, -73, -71],03/03/2022 12:25:15
[-100, -86, -81, -73, -70],03/03/2022 12:25:20
[-100, -82, -80, -74, -59],03/03/2022 12:25:24
[-100, -88, -61, -91, -58],03/03/2022 12:25:28
[-100, -85, -63, -73, -60],03/03/2022 12:25:32
[-100, -83, -63, -74, -59],03/03/2022 12:25:36
[-100, -84, -63, -89, -70],03/03/2022 12:25:41
[-100, -84, -61, -87, -69],03/03/2022 12:25:45
[-100, -87, -82, -73, -71],03/03/2022 12:25:49
[-87, -85, -60, -74, -59],03/03/2022 12:25:53
[-100, -87, -58, -74, -59],03/03/2022 12:25:57
[-100, -100, -82, -73, -59],03/03/2022 12:26:01
[-100, -100, -84, -79, -60],03/03/2022 12:26:06
[-100, -82, -58, -87, -59],03/03/2022 12:26:10
[-96, -82, -62, -80, -60],03/03/2022 12:26:14
[-100, -82, -63, -74, -70],03/03/2022 12:26:18
[-100, -100, -82, -73, -59],03/03/2022 12:26:22
[-100, -85, -87, -73, -58],03/03/2022 12:26:26
[-100, -86, -80, -79, -58],03/03/2022 12:26:31
[-100, -85, -59, -74, -58],03/03/2022 12:26:35
[-94, -86, -59, -74, -71],03/03/2022 12:26:39
[-100, -85, -60, -74, -59],03/03/2022 12:26:43
[-100, -100, -59, -74, -70],03/03/2022 12:26:47
[-100, -82, -62, -88, -70],03/03/2022 12:26:51
[-92, -85, -63, -74, -70],03/03/2022 12:26:56
[-100, -86, -76, -88, -59],03/03/2022 12:27:00
[-100, -91, -62, -91, -59],03/03/2022 12:27:04
[-100, -84, -63, -74, -60],03/03/2022 12:27:08
[-100, -85, -60, -74, -60],03/03/2022 12:27:12
[-100, -83, -60, -74, -59],03/03/2022 12:27:16
[-100, -82, -59, -73, -59],03/03/2022 12:27:21
[-100, -90, -59, -89, -56],03/03/2022 12:27:25
[-100, -100, -63, -74, -58],03/03/2022 12:27:29
[-100, -85, -78, -74, -59],03/03/2022 12:27:33
[-100, -82, -79, -74, -59],03/03/2022 12:27:37
[-100, -100, -59, -89, -60],03/03/2022 12:27:42
[-100, -82, -79, -74, -69],03/03/2022 12:27:46
[-100, -82, -59, -73, -59],03/03/2022 12:27:50
[-100, -82, -62, -79, -71],03/03/2022 12:27:54
[-100, -82, -59, -79, -59],03/03/2022 12:27:58
[-100, -83, -63, -79, -60],03/03/2022 12:28:02
[-100, -100, -63, -85, -60],03/03/2022 12:28:07
[-100, -82, -59, -86, -60],03/03/2022 12:28:11
[-100, -85, -80, -74, -60],03/03/2022 12:28:15
[-93, -85, -83, -74, -59],03/03/2022 12:28:19
[-100, -82, -80, -79, -60],03/03/2022 12:28:23
[-100, -83, -80, -79, -59],03/03/2022 12:28:27
[-100, -84, -80, -78, -58],03/03/2022 12:28:32
[-100, -85, -64, -80, -70],03/03/2022 12:28:36
[-100, -83, -63, -80, -70],03/03/2022 12:28:40
[-100, -82, -64, -74, -70],03/03/2022 12:28:44
[-100, -90, -60, -73, -71],03/03/2022 12:28:48
[-100, -85, -61, -73, -70],03/03/2022 12:28:52
[-100, -100, -59, -73, -60],03/03/2022 12:28:57
[-100, -86, -64, -78, -59],03/03/2022 12:29:01
[-100, -80, -60, -73, -59],03/03/2022 12:29:05
[-100, -83, -81, -74, -59],03/03/2022 12:29:09
[-100, -81, -58, -88, -60],03/03/2022 12:29:13
[-100, -82, -61, -73, -59],03/03/2022 12:29:17
[-100, -82, -82, -73, -70],03/03/2022 12:29:22
[-100, -81, -58, -74, -59],03/03/2022 12:29:26
[-100, -83, -63, -74, -58],03/03/2022 12:29:30
[-100, -100, -59, -74, -59],03/03/2022 12:29:34
[-100, -86, -63, -74, -60],03/03/2022 12:29:38
[-100, -84, -58, -73, -59],03/03/2022 12:29:43
[-100, -100, -59, -87, -59],03/03/2022 12:29:47
[-100, -84, -60, -74, -70],03/03/2022 12:29:51
[-100, -86, -60, -74, -58],03/03/2022 12:29:55
[-100, -100, -63, -74, -59],03/03/2022 12:29:59
[-100, -82, -80, -74, -59],03/03/2022 12:30:03
[-100, -83, -79, -79, -59],03/03/2022 12:30:07
[-100, -85, -63, -74, -59],03/03/2022 12:30:12
[-100, -83, -62, -80, -59],03/03/2022 12:30:16
[-100, -100, -59, -80, -59],03/03/2022 12:30:20
[-100, -84, -60, -74, -59],03/03/2022 12:30:24
[-100, -87, -59, -73, -59],03/03/2022 12:30:28
[-100, -100, -59, -73, -70],03/03/2022 12:30:33
[-100, -83, -62, -79, -60],03/03/2022 12:30:37
[-100, -100, -59, -74, -70],03/03/2022 12:30:41
[-100, -85, -58, -73, -58],03/03/2022 12:30:45
[-100, -82, -79, -74, -71],03/03/2022 12:30:49
[-100, -100, -76, -87, -59],03/03/2022 12:30:53
[-92, -100, -78, -90, -59],03/03/2022 12:30:58
[-100, -81, -78, -79, -60],03/03/2022 12:31:02
[-100, -82, -63, -78, -59],03/03/2022 12:31:06
[-100, -91, -60, -80, -70],03/03/2022 12:31:10
[-100, -84, -63, -78, -58],03/03/2022 12:31:14
[-100, -85, -62, -74, -58],03/03/2022 12:31:19
[-100, -83, -83, -74, -69],03/03/2022 12:31:23
[-100, -87, -60, -74, -58],03/03/2022 12:31:27
[-100, -84, -84, -74, -59],03/03/2022 12:31:31
[-100, -100, -59, -74, -59],03/03/2022 12:31:35
[-100, -100, -59, -74, -59],03/03/2022 12:31:39
[-97, -81, -64, -89, -58],03/03/2022 12:31:43
[-100, -100, -63, -73, -59],03/03/2022 12:31:48
[-100, -85, -85, -73, -71],03/03/2022 12:31:52
[-100, -85, -63, -80, -71],03/03/2022 12:31:56
[-100, -82, -60, -77, -71],03/03/2022 12:32:00
[-95, -85, -60, -80, -70],03/03/2022 12:32:04
[-100, -83, -59, -73, -69],03/03/2022 12:32:08
[-100, -82, -59, -80, -59],03/03/2022 12:32:13
[-100, -100, -60, -74, -59],03/03/2022 12:32:17
[-100, -88, -59, -91, -60],03/03/2022 12:32:21
[-100, -82, -80, -73, -60],03/03/2022 12:32:25
[-100, -81, -79, -74, -59],03/03/2022 12:32:29
[-93, -86, -85, -73, -59],03/03/2022 12:32:33
[-92, -85, -84, -89, -59],03/03/2022 12:32:38
[-100, -85, -63, -79, -59],03/03/2022 12:32:42
[-93, -82, -62, -88, -59],03/03/2022 12:32:46
[-100, -84, -62, -87, -71],03/03/2022 12:32:50
[-100, -100, -83, -74, -70],03/03/2022 12:32:54
[-100, -82, -65, -74, -59],03/03/2022 12:32:59
[-100, -88, -60, -73, -70],03/03/2022 12:33:03
[-100, -100, -74, -74, -59],03/03/2022 12:33:07
[-100, -100, -75, -78, -59],03/03/2022 12:33:11
[-100, -100, -60, -74, -59],03/03/2022 12:33:15
[-93, -81, -63, -79, -60],03/03/2022 12:33:19
[-100, -84, -63, -88, -60],03/03/2022 12:33:23
[-100, -82, -63, -91, -59],03/03/2022 12:33:28
[-100, -85, -62, -91, -59],03/03/2022 12:33:32
[-91, -82, -63, -74, -59],03/03/2022 12:33:36
[-96, -100, -59, -73, -59],03/03/2022 12:33:40
[-100, -100, -59, -73, -58],03/03/2022 12:33:45
[-100, -100, -59, -74, -72],03/03/2022 12:33:49
[-95, -100, -60, -73, -59],03/03/2022 12:33:53
[-96, -84, -60, -89, -70],03/03/2022 12:33:57
[-100, -100, -59, -74, -59],03/03/2022 12:34:01
[-100, -100, -59, -74, -60],03/03/2022 12:34:05
[-100, -100, -62, -74, -58],03/03/2022 12:34:09
[-100, -83, -63, -74, -58],03/03/2022 12:34:14
[-100, -100, -80, -74, -59],03/03/2022 12:34:18
[-100, -100, -79, -75, -59],03/03/2022 12:34:22
[-100, -100, -80, -74, -59],03/03/2022 12:34:27
[-91, -100, -78, -80, -59],03/03/2022 12:34:30
[-100, -100, -79, -74, -60],03/03/2022 12:34:34
[-100, -100, -59, -74, -60],03/03/2022 12:34:39
[-100, -87, -64, -74, -70],03/03/2022 12:34:43
[-100, -82, -63, -74, -59],03/03/2022 12:34:47
[-100, -100, -63, -79, -59],03/03/2022 12:34:51
[-100, -100, -61, -80, -59],03/03/2022 12:34:55
[-100, -85, -75, -74, -59],03/03/2022 12:35:00
[-100, -85, -76, -81, -59],03/03/2022 12:35:04
[-100, -88, -60, -75, -71],03/03/2022 12:35:08
[-92, -88, -60, -84, -71],03/03/2022 12:35:12
[-92, -87, -63, -85, -70],03/03/2022 12:35:16
[-100, -100, -78, -85, -70],03/03/2022 12:35:20
[-93, -100, -60, -85, -60],03/03/2022 12:35:24
[-100, -91, -63, -74, -59],03/03/2022 12:35:29
[-100, -100, -62, -81, -60],03/03/2022 12:35:33
[-91, -83, -59, -85, -60],03/03/2022 12:35:37
[-100, -90, -60, -80, -59],03/03/2022 12:35:41
[-100, -100, -60, -80, -58],03/03/2022 12:35:45
[-100, -83, -60, -81, -70],03/03/2022 12:35:49
[-92, -84, -60, -80, -58],03/03/2022 12:35:54
[-100, -85, -63, -85, -59],03/03/2022 12:35:58
[-89, -83, -63, -84, -58],03/03/2022 12:36:02
[-91, -88, -64, -74, -59],03/03/2022 12:36:06
[-100, -84, -63, -79, -59],03/03/2022 12:36:10
[-100, -87, -77, -81, -59],03/03/2022 12:36:14
[-100, -84, -78, -81, -70],03/03/2022 12:36:19
[-93, -95, -60, -80, -59],03/03/2022 12:36:23
[-100, -91, -78, -81, -58],03/03/2022 12:36:27
[-100, -87, -60, -74, -59],03/03/2022 12:36:31
[-95, -100, -77, -88, -60],03/03/2022 12:36:35
[-100, -87, -77, -85, -58],03/03/2022 12:36:39
[-100, -91, -78, -85, -59],03/03/2022 12:36:44
[-100, -93, -78, -87, -70],03/03/2022 12:36:48
[-100, -87, -75, -81, -71],03/03/2022 12:36:52
[-100, -100, -60, -81, -71],03/03/2022 12:36:56
[-100, -83, -61, -74, -70],03/03/2022 12:37:00
[-100, -100, -78, -82, -59],03/03/2022 12:37:04
[-100, -100, -60, -75, -59],03/03/2022 12:37:09
[-100, -88, -78, -74, -59],03/03/2022 12:37:13
[-100, -88, -79, -85, -59],03/03/2022 12:37:17
[-100, -90, -76, -84, -58],03/03/2022 12:37:21
[-100, -86, -81, -74, -69],03/03/2022 12:37:25
[-89, -92, -78, -74, -58],03/03/2022 12:37:29
[-90, -88, -63, -80, -58],03/03/2022 12:37:34
[-100, -100, -59, -80, -59],03/03/2022 12:37:38
[-100, -85, -61, -85, -60],03/03/2022 12:37:42
[-96, -84, -59, -74, -59],03/03/2022 12:37:46
[-100, -86, -60, -74, -59],03/03/2022 12:37:50
[-93, -91, -79, -74, -60],03/03/2022 12:37:54
[-100, -82, -60, -73, -60],03/03/2022 12:37:59
[-100, -93, -76, -74, -59],03/03/2022 12:38:03
[-95, -85, -77, -87, -60],03/03/2022 12:38:07
[-96, -87, -60, -81, -59],03/03/2022 12:38:11
[-100, -83, -60, -81, -60],03/03/2022 12:38:15
[-100, -84, -64, -74, -59],03/03/2022 12:38:20
[-100, -100, -64, -81, -71],03/03/2022 12:38:24
[-100, -93, -63, -74, -58],03/03/2022 12:38:28
[-100, -86, -78, -74, -59],03/03/2022 12:38:32
[-100, -88, -79, -74, -59],03/03/2022 12:38:36
[-100, -100, -61, -84, -60],03/03/2022 12:38:41
[-100, -100, -60, -74, -60],03/03/2022 12:38:45