
[-100, -82, -74, -84, -64],03/03/2022 13:42:59
[-88, -89, -73, -86, -57],03/03/2022 13:43:03
[-91, -100, -74, -86, -57],03/03/2022 13:43:07
[-89, -86, -73, -79, -57],03/03/2022 13:43:11
[-91, -100, -72, -82, -64],03/03/2022 13:43:15
[-88, -100, -71, -77, -64],03/03/2022 13:43:20
[-100, -100, -72, -76, -64],03/03/2022 13:43:24
[-89, -100, -71, -77, -64],03/03/2022 13:43:28
[-89, -100, -69, -82, -57],03/03/2022 13:43:32
[-88, -100, -75, -83, -57],03/03/2022 13:43:36
[-100, -100, -71, -83, -57],03/03/2022 13:43:40
[-100, -82, -70, -82, -57],03/03/2022 13:43:45
[-100, -85, -73, -82, -57],03/03/2022 13:43:49
[-100, -100, -70, -85, -57],03/03/2022 13:43:53
[-88, -89, -75, -78, -57],03/03/2022 13:43:57
[-100, -90, -73, -84, -56],03/03/2022 13:44:01
[-84, -82, -74, -83, -57],03/03/2022 13:44:05
[-100, -94, -69, -77, -56],03/03/2022 13:44:09
[-100, -89, -69, -82, -64],03/03/2022 13:44:14
[-91, -100, -71, -77, -57],03/03/2022 13:44:18
[-93, -100, -71, -77, -64],03/03/2022 13:44:22
[-89, -84, -71, -83, -64],03/03/2022 13:44:26
[-100, -81, -70, -82, -57],03/03/2022 13:44:30
[-100, -82, -75, -86, -58],03/03/2022 13:44:35
[-100, -83, -76, -86, -58],03/03/2022 13:44:39
[-90, -85, -73, -81, -64],03/03/2022 13:44:43
[-88, -83, -75, -77, -57],03/03/2022 13:44:47
[-91, -91, -72, -100, -63],03/03/2022 13:44:51
[-90, -92, -71, -82, -84],03/03/2022 13:44:55
[-100, -100, -69, -84, -64],03/03/2022 13:45:00
[-90, -100, -71, -82, -57],03/03/2022 13:45:04
[-91, -100, -69, -84, -64],03/03/2022 13:45:08
[-100, -84, -75, -84, -56],03/03/2022 13:45:12
[-100, -100, -74, -76, -64],03/03/2022 13:45:16
[-100, -100, -71, -84, -56],03/03/2022 13:45:20
[-100, -83, -70, -88, -57],03/03/2022 13:45:25
[-88, -100, -72, -78, -58],03/03/2022 13:45:29
[-87, -83, -70, -79, -56],03/03/2022 13:45:33
[-100, -82, -73, -77, -57],03/03/2022 13:45:37
[-89, -100, -70, -76, -57],03/03/2022 13:45:41
[-89, -90, -71, -78, -58],03/03/2022 13:45:45
[-100, -94, -73, -79, -64],03/03/2022 13:45:50
[-100, -100, -72, -76, -65],03/03/2022 13:45:54
[-89, -100, -68, -76, -64],03/03/2022 13:45:58
[-88, -100, -100, -78, -64],03/03/2022 13:46:02
[-87, -100, -75, -78, -64],03/03/2022 13:46:06
[-100, -82, -71, -77, -57],03/03/2022 13:46:10
[-89, -100, -71, -76, -57],03/03/2022 13:46:14
[-88, -100, -71, -76, -57],03/03/2022 13:46:19
[-89, -100, -72, -78, -56],03/03/2022 13:46:23
[-86, -100, -71, -77, -64],03/03/2022 13:46:27
[-90, -100, -75, -77, -87],03/03/2022 13:46:31
[-88, -100, -74, -79, -57],03/03/2022 13:46:35
[-88, -92, -75, -78, -58],03/03/2022 13:46:39
[-89, -100, -75, -78, -57],03/03/2022 13:46:44
[-87, -100, -74, -78, -57],03/03/2022 13:46:48
[-90, -100, -73, -76, -64],03/03/2022 13:46:52
[-100, -100, -70, -76, -57],03/03/2022 13:46:56
[-89, -100, -71, -78, -64],03/03/2022 13:47:00
[-86, -100, -73, -79, -64],03/03/2022 13:47:04
[-90, -100, -68, -78, -57],03/03/2022 13:47:09
[-100, -100, -100, -77, -57],03/03/2022 13:47:13
[-86, -100, -70, -80, -64],03/03/2022 13:47:17
[-100, -100, -72, -82, -57],03/03/2022 13:47:21
[-87, -90, -72, -75, -57],03/03/2022 13:47:25
[-91, -100, -71, -80, -57],03/03/2022 13:47:29
[-93, -100, -70, -77, -57],03/03/2022 13:47:33
[-100, -100, -71, -76, -57],03/03/2022 13:47:38
[-90, -100, -100, -79, -57],03/03/2022 13:47:42
[-87, -88, -69, -74, -63],03/03/2022 13:47:46
[-88, -82, -70, -77, -64],03/03/2022 13:47:50
[-100, -84, -71, -76, -68],03/03/2022 13:47:54
[-89, -86, -70, -76, -81],03/03/2022 13:47:58
[-90, -81, -70, -77, -64],03/03/2022 13:48:02
[-88, -82, -71, -77, -57],03/03/2022 13:48:07
[-88, -85, -70, -79, -57],03/03/2022 13:48:11
[-87, -100, -69, -79, -57],03/03/2022 13:48:15
[-88, -82, -74, -79, -56],03/03/2022 13:48:19
[-90, -92, -71, -76, -64],03/03/2022 13:48:23
[-89, -100, -72, -78, -65],03/03/2022 13:48:28
[-88, -82, -70, -77, -64],03/03/2022 13:48:32
[-88, -88, -70, -78, -100],03/03/2022 13:48:36
[-100, -83, -70, -78, -57],03/03/2022 13:48:40
[-100, -100, -69, -79, -57],03/03/2022 13:48:44
[-100, -100, -73, -77, -57],03/03/2022 13:48:48
[-87, -85, -70, -76, -57],03/03/2022 13:48:53
[-87, -82, -73, -77, -56],03/03/2022 13:48:57
[-88, -82, -69, -78, -57],03/03/2022 13:49:01
[-100, -83, -68, -75, -64],03/03/2022 13:49:05
[-100, -86, -70, -78, -65],03/03/2022 13:49:09
[-87, -83, -74, -77, -64],03/03/2022 13:49:13
[-87, -86, -69, -76, -64],03/03/2022 13:49:17
[-90, -85, -74, -80, -64],03/03/2022 13:49:22
[-88, -100, -70, -81, -56],03/03/2022 13:49:26
[-88, -85, -70, -79, -58],03/03/2022 13:49:30
[-100, -100, -72, -79, -57],03/03/2022 13:49:34
[-100, -100, -71, -79, -57],03/03/2022 13:49:38
[-91, -85, -71, -75, -57],03/03/2022 13:49:42
[-89, -83, -69, -74, -57],03/03/2022 13:49:47
[-100, -84, -69, -77, -57],03/03/2022 13:49:51
[-91, -82, -68, -78, -57],03/03/2022 13:49:55
[-100, -88, -75, -77, -57],03/03/2022 13:49:59
[-100, -83, -71, -77, -64],03/03/2022 13:50:07
[-100, -100, -71, -79, -64],03/03/2022 13:50:11
[-89, -100, -69, -80, -64],03/03/2022 13:50:15
[-88, -83, -72, -76, -57],03/03/2022 13:50:19
[-88, -83, -71, -76, -58],03/03/2022 13:50:23
[-88, -100, -69, -78, -58],03/03/2022 13:50:27
[-89, -100, -71, -78, -57],03/03/2022 13:50:32
[-100, -91, -71, -79, -64],03/03/2022 13:50:36
[-100, -100, -75, -76, -57],03/03/2022 13:50:40
[-100, -100, -73, -79, -58],03/03/2022 13:50:44
[-100, -100, -68, -76, -57],03/03/2022 13:50:48
[-100, -100, -70, -100, -56],03/03/2022 13:50:53
[-100, -95, -70, -93, -57],03/03/2022 13:50:57
[-100, -89, -69, -75, -64],03/03/2022 13:51:01
[-100, -91, -71, -77, -64],03/03/2022 13:51:05
[-100, -100, -72, -78, -57],03/03/2022 13:51:09
[-87, -100, -69, -78, -64],03/03/2022 13:51:13
[-88, -100, -73, -82, -57],03/03/2022 13:51:18
[-86, -100, -72, -84, -64],03/03/2022 13:51:22
[-100, -100, -70, -77, -57],03/03/2022 13:51:26
[-86, -91, -74, -81, -57],03/03/2022 13:51:30
[-85, -100, -70, -81, -57],03/03/2022 13:51:34
[-90, -83, -73, -83, -87],03/03/2022 13:51:38
[-100, -83, -73, -84, -58],03/03/2022 13:51:43
[-89, -100, -71, -84, -58],03/03/2022 13:51:47
[-100, -100, -72, -76, -58],03/03/2022 13:51:51
[-86, -86, -70, -75, -58],03/03/2022 13:51:55
[-100, -83, -71, -81, -58],03/03/2022 13:51:59
[-88, -100, -75, -77, -57],03/03/2022 13:52:03
[-86, -88, -74, -77, -57],03/03/2022 13:52:08
[-100, -100, -72, -77, -57],03/03/2022 13:52:12
[-89, -89, -76, -82, -57],03/03/2022 13:52:16
[-89, -87, -74, -82, -63],03/03/2022 13:52:20
[-100, -84, -72, -82, -64],03/03/2022 13:52:24
[-88, -89, -70, -82, -64],03/03/2022 13:52:29
[-86, -82, -70, -82, -64],03/03/2022 13:52:33
[-100, -83, -74, -76, -64],03/03/2022 13:52:37
[-89, -81, -73, -81, -58],03/03/2022 13:52:41
[-87, -100, -72, -78, -57],03/03/2022 13:52:45
[-100, -83, -76, -76, -56],03/03/2022 13:52:49
[-100, -84, -71, -86, -58],03/03/2022 13:52:54
[-100, -84, -72, -83, -58],03/03/2022 13:52:58
[-100, -82, -71, -83, -64],03/03/2022 13:53:02
[-90, -100, -70, -82, -58],03/03/2022 13:53:06
[-92, -83, -70, -83, -57],03/03/2022 13:53:10
[-100, -100, -70, -76, -58],03/03/2022 13:53:14
[-88, -100, -69, -76, -64],03/03/2022 13:53:19
[-90, -85, -72, -76, -64],03/03/2022 13:53:23
[-89, -82, -72, -76, -64],03/03/2022 13:53:27
[-100, -86, -68, -76, -64],03/03/2022 13:53:31
[-100, -85, -72, -84, -58],03/03/2022 13:53:35
[-89, -100, -68, -85, -57],03/03/2022 13:53:39
[-100, -100, -77, -82, -57],03/03/2022 13:53:44
[-88, -85, -77, -85, -58],03/03/2022 13:53:48
[-86, -83, -72, -83, -57],03/03/2022 13:53:52
[-89, -100, -76, -82, -58],03/03/2022 13:53:56
[-91, -100, -70, -82, -57],03/03/2022 13:54:00
[-87, -83, -69, -84, -57],03/03/2022 13:54:04
[-100, -100, -68, -83, -57],03/03/2022 13:54:08
[-90, -82, -68, -76, -64],03/03/2022 13:54:13
[-100, -86, -69, -82, -64],03/03/2022 13:54:17
[-90, -86, -72, -76, -58],03/03/2022 13:54:21
[-87, -83, -73, -76, -64],03/03/2022 13:54:25
[-91, -100, -72, -75, -64],03/03/2022 13:54:29
[-89, -86, -72, -82, -57],03/03/2022 13:54:34
[-89, -85, -70, -82, -57],03/03/2022 13:54:38
[-89, -100, -75, -83, -57],03/03/2022 13:54:42
[-92, -84, -70, -83, -57],03/03/2022 13:54:46
[-87, -87, -71, -83, -57],03/03/2022 13:54:50
[-86, -82, -69, -76, -57],03/03/2022 13:54:55
[-88, -83, -72, -77, -57],03/03/2022 13:54:59
[-87, -100, -68, -77, -58],03/03/2022 13:55:03
[-87, -100, -72, -76, -57],03/03/2022 13:55:07
[-88, -87, -72, -83, -64],03/03/2022 13:55:11
[-88, -100, -71, -84, -64],03/03/2022 13:55:15
[-90, -84, -75, -85, -64],03/03/2022 13:55:19
[-100, -82, -70, -76, -64],03/03/2022 13:55:24
[-100, -84, -75, -83, -64],03/03/2022 13:55:28
[-89, -85, -69, -77, -58],03/03/2022 13:55:32
[-100, -100, -72, -76, -57],03/03/2022 13:55:36
[-90, -100, -72, -77, -57],03/03/2022 13:55:40
[-91, -88, -71, -76, -56],03/03/2022 13:55:44
[-90, -87, -70, -82, -58],03/03/2022 13:55:49
[-90, -100, -68, -77, -64],03/03/2022 13:55:53
[-88, -100, -71, -77, -56],03/03/2022 13:55:57
[-90, -100, -74, -76, -64],03/03/2022 13:56:01
[-100, -100, -71, -84, -65],03/03/2022 13:56:05
[-88, -100, -70, -84, -57],03/03/2022 13:56:09
[-88, -83, -71, -77, -58],03/03/2022 13:56:14
[-100, -83, -71, -83, -58],03/03/2022 13:56:18
[-90, -82, -70, -83, -58],03/03/2022 13:56:22
[-90, -100, -69, -83, -57],03/03/2022 13:56:26
[-88, -100, -69, -83, -100],03/03/2022 13:56:30
[-92, -83, -70, -83, -57],03/03/2022 13:56:34
[-87, -100, -71, -76, -57],03/03/2022 13:56:38
[-90, -86, -70, -83, -57],03/03/2022 13:56:43
[-100, -81, -71, -85, -58],03/03/2022 13:56:47
[-88, -84, -71, -83, -59],03/03/2022 13:56:51
[-84, -89, -75, -85, -57],03/03/2022 13:56:55
[-91, -92, -69, -85, -58],03/03/2022 13:57:00
[-89, -82, -69, -80, -57],03/03/2022 13:57:03
[-100, -84, -68, -77, -64],03/03/2022 13:57:08
[-87, -100, -70, -77, -64],03/03/2022 13:57:12
[-88, -86, -71, -76, -64],03/03/2022 13:57:16
[-88, -100, -71, -84, -65],03/03/2022 13:57:20
[-100, -100, -71, -77, -64],03/03/2022 13:57:24
[-90, -85, -72, -79, -58],03/03/2022 13:57:29
[-100, -86, -71, -76, -56],03/03/2022 13:57:33
[-84, -81, -73, -75, -69],03/03/2022 13:57:37
[-90, -91, -74, -75, -56],03/03/2022 13:57:41
[-100, -86, -70, -78, -64],03/03/2022 13:57:45
[-87, -100, -72, -76, -57],03/03/2022 13:57:59
[-100, -84, -71, -80, -65],03/03/2022 13:58:03
[-100, -86, -70, -76, -64],03/03/2022 13:58:11
[-82, -84, -71, -77, -64],03/03/2022 13:58:11
[-100, -84, -75, -75, -57],03/03/2022 13:58:16
[-91, -82, -70, -81, -64],03/03/2022 13:58:20
[-100, -83, -76, -80, -57],03/03/2022 13:58:24
[-84, -86, -74, -88, -57],03/03/2022 13:58:28
[-84, -84, -70, -82, -57],03/03/2022 13:58:32
[-100, -89, -70, -83, -56],03/03/2022 13:58:36
[-100, -85, -70, -82, -57],03/03/2022 13:58:41
[-89, -86, -70, -82, -57],03/03/2022 13:58:45
[-100, -87, -73, -83, -57],03/03/2022 13:58:49
[-88, -100, -69, -84, -85],03/03/2022 13:58:53
[-93, -94, -76, -84, -57],03/03/2022 13:58:57
[-89, -85, -74, -83, -84],03/03/2022 13:59:01
[-100, -89, -76, -75, -64],03/03/2022 13:59:06
[-100, -87, -69, -76, -63],03/03/2022 13:59:10
[-100, -86, -74, -76, -63],03/03/2022 13:59:14
[-100, -86, -70, -75, -63],03/03/2022 13:59:18
[-87, -85, -70, -83, -64],03/03/2022 13:59:22
[-100, -87, -69, -84, -57],03/03/2022 13:59:26
[-90, -82, -71, -81, -57],03/03/2022 13:59:31
[-95, -86, -71, -83, -57],03/03/2022 13:59:35
[-90, -100, -70, -75, -57],03/03/2022 13:59:39
[-100, -83, -70, -75, -64],03/03/2022 13:59:43
[-89, -85, -75, -74, -84],03/03/2022 13:59:47
[-88, -87, -75, -75, -58],03/03/2022 13:59:51
[-90, -84, -75, -76, -57],03/03/2022 13:59:56
[-100, -82, -75, -83, -57],03/03/2022 14:00:00
[-100, -86, -76, -83, -63],03/03/2022 14:00:04
[-100, -83, -69, -82, -64],03/03/2022 14:00:08
[-100, -84, -71, -83, -63],03/03/2022 14:00:12
[-100, -86, -69, -82, -64],03/03/2022 14:00:16
[-89, -85, -71, -76, -64],03/03/2022 14:00:21
[-91, -100, -69, -75, -57],03/03/2022 14:00:25
[-100, -84, -71, -74, -57],03/03/2022 14:00:29
[-90, -84, -71, -75, -57],03/03/2022 14:00:33
[-100, -84, -77, -83, -57],03/03/2022 14:00:37
[-90, -85, -74, -84, -57],03/03/2022 14:00:41
[-89, -85, -69, -83, -83],03/03/2022 14:00:46
[-89, -86, -71, -83, -64],03/03/2022 14:00:50
[-89, -86, -69, -83, -85],03/03/2022 14:00:54
[-90, -89, -69, -82, -83],03/03/2022 14:00:58
[-91, -86, -70, -84, -57],03/03/2022 14:01:04
[-100, -86, -71, -84, -57],03/03/2022 14:01:07
[-100, -100, -74, -82, -58],03/03/2022 14:01:11
[-100, -83, -74, -75, -57],03/03/2022 14:01:16
[-100, -100, -73, -82, -57],03/03/2022 14:01:20
[-91, -85, -71, -83, -83],03/03/2022 14:01:24
[-100, -84, -69, -75, -83],03/03/2022 14:01:28
[-90, -87, -69, -75, -82],03/03/2022 14:01:32
[-100, -87, -70, -83, -83],03/03/2022 14:01:36
[-90, -85, -70, -83, -79],03/03/2022 14:01:41
[-100, -100, -72, -81, -63],03/03/2022 14:01:45
[-100, -87, -71, -82, -57],03/03/2022 14:01:49
[-92, -93, -70, -83, -64],03/03/2022 14:01:53
[-100, -86, -70, -83, -64],03/03/2022 14:01:57
[-89, -100, -70, -88, -57],03/03/2022 14:02:01
[-86, -83, -75, -82, -58],03/03/2022 14:02:05
[-100, -87, -76, -82, -57],03/03/2022 14:02:09
[-100, -83, -74, -84, -57],03/03/2022 14:02:14
[-89, -83, -75, -75, -64],03/03/2022 14:02:18
[-100, -84, -70, -81, -56],03/03/2022 14:02:22
[-88, -84, -70, -82, -57],03/03/2022 14:02:26
[-100, -100, -70, -82, -85],03/03/2022 14:02:30
[-88, -86, -69, -83, -57],03/03/2022 14:02:34
[-88, -100, -69, -75, -80],03/03/2022 14:02:39
[-88, -84, -72, -83, -63],03/03/2022 14:02:43
[-100, -83, -73, -75, -64],03/03/2022 14:02:47
[-100, -100, -72, -83, -64],03/03/2022 14:02:51
[-88, -100, -72, -82, -79],03/03/2022 14:02:55
[-100, -86, -73, -83, -82],03/03/2022 14:02:59
[-100, -87, -71, -84, -63],03/03/2022 14:03:03
[-91, -84, -73, -84, -64],03/03/2022 14:03:07
[-90, -89, -75, -83, -63],03/03/2022 14:03:11
[-100, -86, -76, -74, -64],03/03/2022 14:03:16
[-89, -85, -72, -75, -57],03/03/2022 14:03:21
[-91, -100, -72, -73, -58],03/03/2022 14:03:24
[-100, -88, -71, -75, -58],03/03/2022 14:03:28
[-89, -86, -70, -83, -57],03/03/2022 14:03:32
[-88, -100, -70, -83, -57],03/03/2022 14:03:37
[-100, -83, -75, -75, -83],03/03/2022 14:03:41
[-100, -83, -73, -85, -84],03/03/2022 14:03:45
[-100, -100, -75, -85, -57],03/03/2022 14:03:49
[-100, -100, -72, -75, -82],03/03/2022 14:03:53
[-100, -87, -72, -81, -64],03/03/2022 14:03:57
[-100, -100, -75, -82, -64],03/03/2022 14:04:01
[-89, -100, -73, -74, -64],03/03/2022 14:04:06
[-92, -82, -77, -82, -64],03/03/2022 14:04:10
[-89, -100, -72, -74, -64],03/03/2022 14:04:17
[-100, -100, -72, -85, -57],03/03/2022 14:04:18
[-90, -100, -72, -85, -57],03/03/2022 14:04:22
[-90, -100, -72, -76, -57],03/03/2022 14:04:26
[-88, -100, -72, -83, -57],03/03/2022 14:04:31
[-87, -87, -71, -85, -57],03/03/2022 14:04:35
[-100, -100, -72, -84, -57],03/03/2022 14:04:39
[-100, -100, -77, -100, -57],03/03/2022 14:04:43
[-89, -86, -77, -76, -57],03/03/2022 14:04:47
[-90, -100, -75, -84, -56],03/03/2022 14:04:51
[-100, -100, -100, -83, -64],03/03/2022 14:04:56
[-88, -88, -76, -86, -64],03/03/2022 14:05:00
[-91, -100, -74, -83, -64],03/03/2022 14:05:04
[-90, -89, -70, -83, -64],03/03/2022 14:05:08
[-100, -100, -73, -75, -64],03/03/2022 14:05:12
[-92, -100, -73, -75, -57],03/03/2022 14:05:16
[-90, -100, -74, -75, -56],03/03/2022 14:05:20
[-100, -84, -74, -76, -57],03/03/2022 14:05:25
[-90, -85, -70, -82, -57],03/03/2022 14:05:29
[-88, -86, -73, -82, -57],03/03/2022 14:05:33
[-100, -100, -72, -81, -64],03/03/2022 14:05:37
[-91, -100, -73, -83, -58],03/03/2022 14:05:41
[-90, -88, -73, -83, -57],03/03/2022 14:05:45
[-100, -100, -75, -84, -58],03/03/2022 14:05:50
[-100, -100, -73, -100, -84],03/03/2022 14:05:54
[-100, -100, -100, -76, -83],03/03/2022 14:05:58
[-94, -100, -74, -77, -57],03/03/2022 14:06:02
[-100, -87, -71, -82, -63],03/03/2022 14:06:06
[-89, -100, -67, -82, -63],03/03/2022 14:06:11
[-89, -100, -70, -83, -56],03/03/2022 14:06:15
[-100, -84, -70, -81, -57],03/03/2022 14:06:19
[-100, -84, -73, -83, -57],03/03/2022 14:06:23
[-90, -88, -71, -83, -57],03/03/2022 14:06:27
[-100, -86, -76, -75, -57],03/03/2022 14:06:31
[-100, -100, -72, -82, -64],03/03/2022 14:06:35
[-88, -100, -71, -74, -83],03/03/2022 14:06:40
[-100, -100, -71, -74, -57],03/03/2022 14:06:44
[-100, -100, -69, -82, -81],03/03/2022 14:06:48
[-100, -84, -71, -83, -64],03/03/2022 14:06:52
[-90, -87, -75, -83, -63],03/03/2022 14:06:56
[-100, -100, -72, -83, -63],03/03/2022 14:07:01
[-90, -84, -71, -83, -63],03/03/2022 14:07:04
[-100, -100, -74, -74, -64],03/03/2022 14:07:09
[-89, -100, -71, -74, -58],03/03/2022 14:07:13
[-100, -86, -71, -74, -57],03/03/2022 14:07:17
[-100, -100, -70, -83, -57],03/03/2022 14:07:21
[-93, -87, -72, -85, -57],03/03/2022 14:07:25
[-100, -100, -71, -84, -58],03/03/2022 14:07:29
[-88, -100, -70, -86, -64],03/03/2022 14:07:34
[-89, -100, -71, -83, -57],03/03/2022 14:07:38
[-87, -86, -73, -81, -64],03/03/2022 14:07:42
[-88, -100, -70, -75, -63],03/03/2022 14:07:46
[-89, -100, -76, -75, -58],03/03/2022 14:07:50
[-100, -91, -76, -76, -63],03/03/2022 14:07:54
[-89, -100, -70, -82, -57],03/03/2022 14:07:59
[-100, -100, -73, -85, -57],03/03/2022 14:08:03
[-100, -82, -69, -83, -63],03/03/2022 14:08:07
[-100, -93, -70, -84, -56],03/03/2022 14:08:11
[-100, -83, -72, -84, -57],03/03/2022 14:08:15
[-100, -83, -72, -78, -56],03/03/2022 14:08:20
[-100, -84, -76, -79, -57],03/03/2022 14:08:24
[-100, -100, -73, -84, -70],03/03/2022 14:08:28
[-89, -100, -73, -77, -63],03/03/2022 14:08:32
[-91, -100, -69, -80, -63],03/03/2022 14:08:36
[-88, -100, -68, -77, -63],03/03/2022 14:08:40
[-100, -100, -69, -79, -64],03/03/2022 14:08:45
[-88, -100, -68, -82, -57],03/03/2022 14:08:49
[-88, -82, -75, -78, -57],03/03/2022 14:08:53
[-100, -85, -74, -85, -58],03/03/2022 14:08:57
[-90, -100, -73, -76, -57],03/03/2022 14:09:01
[-94, -100, -100, -86, -58],03/03/2022 14:09:05
[-100, -100, -76, -85, -83],03/03/2022 14:09:09
[-86, -90, -75, -87, -57],03/03/2022 14:09:14
[-85, -100, -77, -77, -62],03/03/2022 14:09:18
[-100, -100, -71, -76, -57],03/03/2022 14:09:22
[-88, -100, -74, -82, -56],03/03/2022 14:09:26
[-86, -88, -77, -76, -57],03/03/2022 14:09:30
[-100, -100, -71, -75, -65],03/03/2022 14:09:34
[-100, -100, -72, -77, -79],03/03/2022 14:09:39
[-100, -100, -100, -81, -65],03/03/2022 14:09:43
[-91, -83, -79, -86, -59],03/03/2022 14:09:47
[-100, -84, -100, -84, -73],03/03/2022 14:09:51
[-90, -85, -81, -81, -57],03/03/2022 14:09:55
[-89, -100, -76, -83, -57],03/03/2022 14:09:59
[-87, -87, -75, -80, -58],03/03/2022 14:10:04
[-100, -100, -75, -78, -63],03/03/2022 14:10:08
[-91, -100, -76, -83, -63],03/03/2022 14:10:12
[-89, -86, -79, -79, -62],03/03/2022 14:10:16
[-100, -83, -77, -76, -57],03/03/2022 14:10:20
[-90, -90, -73, -87, -65],03/03/2022 14:10:24
[-91, -84, -71, -82, -56],03/03/2022 14:10:29
[-89, -94, -70, -79, -57],03/03/2022 14:10:33
[-90, -85, -70, -84, -57],03/03/2022 14:10:37
[-86, -100, -70, -84, -64],03/03/2022 14:10:41
[-100, -88, -70, -84, -57],03/03/2022 14:10:45
[-91, -84, -78, -84, -57],03/03/2022 14:10:49
[-89, -84, -77, -83, -57],03/03/2022 14:10:54
[-87, -87, -71, -83, -57],03/03/2022 14:10:58
[-100, -87, -76, -82, -57],03/03/2022 14:11:02
[-100, -82, -73, -75, -63],03/03/2022 14:11:06
[-88, -86, -70, -75, -58],03/03/2022 14:11:10
[-100, -100, -75, -76, -65],03/03/2022 14:11:14
[-90, -91, -72, -83, -57],03/03/2022 14:11:19
[-100, -82, -78, -73, -64],03/03/2022 14:11:23
[-83, -87, -74, -88, -58],03/03/2022 14:11:27
[-100, -86, -75, -82, -64],03/03/2022 14:11:31
[-100, -82, -74, -77, -57],03/03/2022 14:11:35
[-100, -100, -68, -76, -64],03/03/2022 14:11:39
[-93, -86, -69, -74, -57],03/03/2022 14:11:44
[-91, -89, -68, -83, -72],03/03/2022 14:11:48
[-100, -86, -80, -88, -57],03/03/2022 14:11:52
[-100, -100, -66, -85, -57],03/03/2022 14:11:56
[-89, -100, -71, -75, -57],03/03/2022 14:12:00
[-90, -86, -73, -83, -67],03/03/2022 14:12:04
[-100, -86, -73, -84, -58],03/03/2022 14:12:09
[-100, -83, -66, -85, -68],03/03/2022 14:12:13
[-90, -84, -73, -83, -59],03/03/2022 14:12:17
[-100, -85, -72, -77, -62],03/03/2022 14:12:21
[-100, -100, -78, -80, -65],03/03/2022 14:12:25
[-91, -86, -75, -86, -59],03/03/2022 14:12:29
[-100, -89, -75, -78, -56],03/03/2022 14:12:34
[-100, -86, -70, -81, -57],03/03/2022 14:12:38
[-100, -85, -75, -79, -63],03/03/2022 14:12:42
[-100, -84, -70, -81, -59],03/03/2022 14:12:46
[-91, -83, -69, -75, -56],03/03/2022 14:12:50
[-100, -82, -69, -75, -68],03/03/2022 14:12:54
[-85, -85, -70, -83, -72],03/03/2022 14:12:59
[-92, -88, -69, -85, -57],03/03/2022 14:13:03
[-83, -100, -72, -80, -60],03/03/2022 14:13:07
[-100, -84, -76, -73, -60],03/03/2022 14:13:11
[-100, -86, -71, -80, -69],03/03/2022 14:13:15
[-88, -83, -72, -78, -61],03/03/2022 14:13:19
[-88, -82, -72, -77, -56],03/03/2022 14:13:24
[-100, -82, -75, -77, -56],03/03/2022 14:13:28
[-90, -82, -69, -78, -62],03/03/2022 14:13:32
[-100, -81, -77, -76, -62],03/03/2022 14:13:36
[-96, -100, -76, -81, -69],03/03/2022 14:13:40
[-100, -100, -70, -78, -68],03/03/2022 14:13:44
[-100, -80, -71, -77, -68],03/03/2022 14:13:49
[-100, -83, -72, -80, -67],03/03/2022 14:13:53
[-100, -100, -69, -76, -63],03/03/2022 14:13:57
[-89, -81, -70, -74, -57],03/03/2022 14:14:01
[-100, -82, -72, -78, -62],03/03/2022 14:14:05
[-91, -82, -75, -79, -56],03/03/2022 14:14:09
[-91, -100, -76, -75, -62],03/03/2022 14:14:14
[-100, -83, -72, -75, -63],03/03/2022 14:14:18
[-100, -87, -71, -73, -56],03/03/2022 14:14:22
[-100, -82, -70, -76, -56],03/03/2022 14:14:26
[-89, -82, -70, -76, -57],03/03/2022 14:14:30
[-100, -82, -70, -79, -57],03/03/2022 14:14:35
[-100, -100, -70, -75, -63],03/03/2022 14:14:39
[-100, -82, -72, -74, -67],03/03/2022 14:14:43
[-88, -82, -71, -74, -63],03/03/2022 14:14:47
[-90, -82, -71, -74, -56],03/03/2022 14:14:51
[-90, -82, -70, -78, -57],03/03/2022 14:14:55
[-100, -82, -70, -80, -56],03/03/2022 14:14:59
[-89, -87, -77, -78, -62],03/03/2022 14:15:04
[-90, -87, -75, -78, -62],03/03/2022 14:15:08
[-100, -100, -71, -74, -62],03/03/2022 14:15:12
[-100, -82, -75, -100, -63],03/03/2022 14:15:16
[-100, -85, -69, -78, -57],03/03/2022 14:15:20
[-100, -84, -71, -78, -57],03/03/2022 14:15:24
[-100, -81, -70, -74, -57],03/03/2022 14:15:28
[-88, -83, -71, -78, -56],03/03/2022 14:15:33
[-100, -83, -70, -78, -62],03/03/2022 14:15:37
[-88, -82, -71, -75, -68],03/03/2022 14:15:41
[-90, -81, -76, -74, -63],03/03/2022 14:15:45
[-100, -83, -76, -75, -63],03/03/2022 14:15:49
[-100, -83, -73, -74, -62],03/03/2022 14:15:53
[-100, -81, -72, -78, -56],03/03/2022 14:15:58
[-100, -82, -68, -74, -62],03/03/2022 14:16:02
[-100, -82, -70, -76, -63],03/03/2022 14:16:06
[-87, -82, -71, -74, -57],03/03/2022 14:16:10
[-100, -81, -69, -75, -56],03/03/2022 14:16:14
[-88, -87, -71, -85, -56],03/03/2022 14:16:18
[-88, -81, -74, -80, -56],03/03/2022 14:16:23
[-100, -83, -72, -78, -56],03/03/2022 14:16:27
[-100, -87, -72, -74, -57],03/03/2022 14:16:31
[-100, -84, -72, -74, -63],03/03/2022 14:16:35
[-100, -81, -76, -74, -68],03/03/2022 14:16:39
[-88, -81, -69, -73, -63],03/03/2022 14:16:43
[-86, -81, -69, -76, -69],03/03/2022 14:16:48
[-85, -85, -70, -79, -68],03/03/2022 14:16:52
[-90, -88, -75, -79, -62],03/03/2022 14:16:56
[-90, -82, -71, -74, -62],03/03/2022 14:17:00
[-100, -81, -69, -77, -63],03/03/2022 14:17:04
[-100, -81, -71, -79, -62],03/03/2022 14:17:09
[-100, -89, -70, -80, -63],03/03/2022 14:17:13
[-100, -82, -75, -76, -57],03/03/2022 14:17:17
[-88, -87, -78, -79, -57],03/03/2022 14:17:21
[-88, -81, -71, -76, -56],03/03/2022 14:17:25
[-90, -82, -71, -76, -63],03/03/2022 14:17:29
[-87, -82, -76, -76, -68],03/03/2022 14:17:34
[-87, -83, -72, -74, -68],03/03/2022 14:17:38
[-100, -84, -71, -74, -56],03/03/2022 14:17:42
[-100, -88, -71, -74, -69],03/03/2022 14:17:46
[-87, -100, -69, -79, -57],03/03/2022 14:17:50
[-90, -100, -71, -74, -63],03/03/2022 14:17:54
[-90, -82, -76, -80, -63],03/03/2022 14:17:58
[-88, -100, -69, -79, -63],03/03/2022 14:18:03
[-86, -85, -71, -79, -68],03/03/2022 14:18:07
[-88, -82, -71, -79, -57],03/03/2022 14:18:11
[-88, -85, -69, -75, -57],03/03/2022 14:18:15
[-90, -82, -69, -74, -56],03/03/2022 14:18:19
[-88, -81, -75, -75, -62],03/03/2022 14:18:23
[-100, -81, -70, -79, -57],03/03/2022 14:18:28
[-100, -82, -74, -78, -69],03/03/2022 14:18:32
[-100, -87, -70, -74, -68],03/03/2022 14:18:36
[-90, -81, -70, -79, -68],03/03/2022 14:18:40
[-90, -83, -71, -74, -56],03/03/2022 14:18:44
[-89, -87, -71, -79, -57],03/03/2022 14:18:48
[-100, -86, -70, -75, -57],03/03/2022 14:18:53
[-88, -82, -73, -75, -62],03/03/2022 14:18:57
[-86, -82, -73, -78, -63],03/03/2022 14:19:01
[-85, -81, -76, -77, -63],03/03/2022 14:19:05
[-88, -82, -70, -74, -63],03/03/2022 14:19:09
[-88, -82, -71, -75, -57],03/03/2022 14:19:14
[-89, -89, -77, -74, -57],03/03/2022 14:19:18
[-87, -81, -69, -73, -57],03/03/2022 14:19:22
[-89, -100, -75, -79, -57],03/03/2022 14:19:26
[-84, -83, -76, -79, -62],03/03/2022 14:19:30
[-91, -81, -71, -79, -57],03/03/2022 14:19:34
[-86, -81, -71, -78, -56],03/03/2022 14:19:39
[-100, -80, -71, -77, -56],03/03/2022 14:19:43
[-84, -81, -71, -75, -57],03/03/2022 14:19:47
[-87, -83, -69, -75, -62],03/03/2022 14:19:51
[-100, -81, -73, -79, -62],03/03/2022 14:19:55
[-89, -81, -71, -73, -62],03/03/2022 14:19:59
[-87, -100, -77, -74, -56],03/03/2022 14:20:04
[-91, -83, -72, -79, -63],03/03/2022 14:20:08
[-100, -84, -72, -74, -56],03/03/2022 14:20:12
[-89, -81, -71, -75, -56],03/03/2022 14:20:16
[-88, -81, -72, -74, -57],03/03/2022 14:20:20
[-86, -80, -71, -78, -57],03/03/2022 14:20:24
[-87, -86, -71, -75, -63],03/03/2022 14:20:29
[-90, -85, -75, -76, -62],03/03/2022 14:20:33
[-89, -87, -73, -76, -62],03/03/2022 14:20:37
[-88, -100, -77, -76, -63],03/03/2022 14:20:41
[-90, -81, -76, -74, -63],03/03/2022 14:20:45
[-89, -100, -76, -75, -57],03/03/2022 14:20:49
[-89, -83, -71, -73, -57],03/03/2022 14:20:54
[-88, -84, -70, -74, -57],03/03/2022 14:20:58
[-85, -82, -69, -78, -56],03/03/2022 14:21:02
[-91, -81, -70, -78, -56],03/03/2022 14:21:06
[-100, -83, -74, -79, -69],03/03/2022 14:21:10
[-90, -83, -75, -77, -69],03/03/2022 14:21:15
[-89, -81, -76, -74, -56],03/03/2022 14:21:19
[-86, -83, -77, -79, -57],03/03/2022 14:21:23
[-88, -81, -70, -76, -62],03/03/2022 14:21:27
[-100, -82, -70, -73, -57],03/03/2022 14:21:31
[-89, -100, -69, -76, -57],03/03/2022 14:21:35
[-100, -83, -69, -74, -63],03/03/2022 14:21:39
[-100, -82, -66, -80, -57],03/03/2022 14:21:44
[-88, -83, -68, -74, -69],03/03/2022 14:21:48
[-87, -81, -72, -74, -57],03/03/2022 14:21:52
[-100, -83, -72, -75, -57],03/03/2022 14:21:56
[-89, -81, -73, -78, -57],03/03/2022 14:22:01
[-100, -81, -70, -78, -57],03/03/2022 14:22:04
[-85, -100, -71, -75, -69],03/03/2022 14:22:09
[-88, -100, -73, -76, -67],03/03/2022 14:22:13
[-90, -88, -73, -79, -69],03/03/2022 14:22:17
[-89, -80, -75, -79, -62],03/03/2022 14:22:21
[-100, -81, -69, -74, -57],03/03/2022 14:22:25
[-89, -82, -74, -79, -57],03/03/2022 14:22:29
[-84, -83, -75, -74, -56],03/03/2022 14:22:34
[-88, -82, -75, -74, -57],03/03/2022 14:22:38
[-88, -81, -75, -74, -56],03/03/2022 14:22:42
[-100, -82, -74, -79, -68],03/03/2022 14:22:46
[-86, -82, -75, -76, -57],03/03/2022 14:22:50
[-89, -83, -78, -78, -68],03/03/2022 14:22:54
[-90, -81, -78, -73, -69],03/03/2022 14:22:59
[-100, -81, -70, -74, -68],03/03/2022 14:23:03
[-100, -85, -72, -76, -68],03/03/2022 14:23:07
[-88, -82, -71, -74, -62],03/03/2022 14:23:11
[-85, -88, -71, -74, -62],03/03/2022 14:23:15
[-86, -88, -69, -78, -62],03/03/2022 14:23:19
[-88, -82, -69, -78, -57],03/03/2022 14:23:24
[-89, -82, -72, -74, -63],03/03/2022 14:23:28
[-88, -83, -76, -79, -56],03/03/2022 14:23:32
[-86, -87, -73, -74, -62],03/03/2022 14:23:36
[-88, -81, -73, -75, -63],03/03/2022 14:23:40
[-85, -81, -73, -78, -56],03/03/2022 14:23:45
[-85, -81, -73, -75, -57],03/03/2022 14:23:49
[-100, -82, -69, -76, -56],03/03/2022 14:23:53
[-100, -83, -74, -76, -63],03/03/2022 14:23:57
[-89, -84, -72, -76, -57],03/03/2022 14:24:01
[-87, -89, -71, -74, -62],03/03/2022 14:24:06
[-89, -82, -71, -74, -69],03/03/2022 14:24:10
[-100, -81, -70, -79, -62],03/03/2022 14:24:14
[-92, -83, -71, -75, -63],03/03/2022 14:24:18
[-89, -82, -70, -79, -56],03/03/2022 14:24:22
[-89, -82, -76, -75, -56],03/03/2022 14:24:26
[-89, -89, -71, -79, -57],03/03/2022 14:24:30
[-88, -82, -77, -75, -56],03/03/2022 14:24:34
[-88, -100, -74, -79, -68],03/03/2022 14:24:39
[-88, -90, -73, -74, -57],03/03/2022 14:24:43
[-84, -82, -70, -75, -69],03/03/2022 14:24:47
[-85, -81, -70, -74, -57],03/03/2022 14:24:51
[-89, -81, -77, -77, -69],03/03/2022 14:24:55
[-88, -82, -75, -80, -68],03/03/2022 14:24:59
[-88, -82, -71, -76, -62],03/03/2022 14:25:04
[-100, -83, -72, -78, -62],03/03/2022 14:25:08
[-89, -81, -71, -80, -63],03/03/2022 14:25:12
[-100, -79, -72, -76, -68],03/03/2022 14:25:16
[-100, -83, -73, -74, -56],03/03/2022 14:25:20
[-89, -81, -72, -75, -57],03/03/2022 14:25:25
[-90, -87, -72, -77, -56],03/03/2022 14:25:29
[-90, -86, -100, -77, -56],03/03/2022 14:25:33
[-89, -89, -69, -77, -56],03/03/2022 14:25:37
[-90, -82, -74, -75, -62],03/03/2022 14:25:41
[-90, -81, -74, -78, -62],03/03/2022 14:25:45
[-90, -79, -79, -78, -62],03/03/2022 14:25:49
[-89, -83, -79, -75, -63],03/03/2022 14:25:54
[-88, -82, -76, -77, -62],03/03/2022 14:25:58
[-89, -84, -69, -75, -56],03/03/2022 14:26:02
[-100, -82, -69, -76, -57],03/03/2022 14:26:06
[-88, -82, -68, -75, -57],03/03/2022 14:26:10
[-100, -81, -69, -74, -56],03/03/2022 14:26:14
[-89, -88, -72, -75, -68],03/03/2022 14:26:19
[-88, -82, -73, -74, -56],03/03/2022 14:26:23
[-91, -86, -73, -76, -57],03/03/2022 14:26:27
[-89, -82, -72, -75, -57],03/03/2022 14:26:31
[-88, -81, -72, -77, -57],03/03/2022 14:26:35
[-89, -82, -74, -76, -62],03/03/2022 14:26:40
[-91, -82, -68, -75, -63],03/03/2022 14:26:44
[-100, -100, -69, -75, -62],03/03/2022 14:26:48
[-87, -83, -100, -74, -63],03/03/2022 14:26:52
[-88, -88, -70, -75, -63],03/03/2022 14:26:56
[-88, -100, -70, -76, -56],03/03/2022 14:27:00
[-100, -80, -100, -75, -57],03/03/2022 14:27:05
[-89, -82, -70, -74, -57],03/03/2022 14:27:09
[-90, -81, -72, -74, -57],03/03/2022 14:27:13
[-100, -81, -71, -76, -62],03/03/2022 14:27:17
[-91, -100, -76, -76, -63],03/03/2022 14:27:21
[-89, -85, -71, -76, -68],03/03/2022 14:27:25
[-100, -100, -71, -77, -68],03/03/2022 14:27:30
[-87, -81, -75, -75, -62],03/03/2022 14:27:34
[-89, -81, -73, -76, -57],03/03/2022 14:27:38
[-89, -88, -72, -74, -57],03/03/2022 14:27:42
[-100, -80, -72, -75, -56],03/03/2022 14:27:46
[-90, -80, -73, -75, -62],03/03/2022 14:27:50
[-100, -85, -69, -77, -57],03/03/2022 14:27:54
[-89, -87, -71, -78, -56],03/03/2022 14:27:59
[-88, -82, -77, -77, -56],03/03/2022 14:28:03
[-88, -100, -73, -78, -57],03/03/2022 14:28:07
[-90, -89, -69, -75, -57],03/03/2022 14:28:11
[-100, -82, -72, -79, -62],03/03/2022 14:28:15
[-91, -87, -74, -74, -62],03/03/2022 14:28:20
[-87, -85, -69, -76, -62],03/03/2022 14:28:24
[-89, -82, -74, -75, -62],03/03/2022 14:28:28
[-90, -82, -72, -78, -62],03/03/2022 14:28:32
[-90, -81, -76, -77, -57],03/03/2022 14:28:36
[-90, -82, -72, -74, -63],03/03/2022 14:28:40
[-100, -85, -68, -77, -57],03/03/2022 14:28:45
[-100, -86, -72, -74, -57],03/03/2022 14:28:49
[-89, -86, -68, -75, -56],03/03/2022 14:28:53
[-89, -82, -72, -75, -57],03/03/2022 14:28:57
[-89, -82, -79, -77, -57],03/03/2022 14:29:01
[-100, -81, -73, -77, -57],03/03/2022 14:29:05
[-90, -78, -73, -79, -57],03/03/2022 14:29:10
[-89, -82, -71, -78, -62],03/03/2022 14:29:14
[-89, -83, -71, -73, -63],03/03/2022 14:29:18
[-100, -80, -73, -74, -62],03/03/2022 14:29:22
[-87, -81, -72, -75, -62],03/03/2022 14:29:26
[-100, -100, -69, -78, -62],03/03/2022 14:29:30
[-100, -82, -67, -78, -57],03/03/2022 14:29:35
[-100, -88, -76, -79, -56],03/03/2022 14:29:39
[-90, -82, -73, -79, -56],03/03/2022 14:29:43
[-92, -82, -75, -76, -57],03/03/2022 14:29:47
[-91, -100, -73, -74, -57],03/03/2022 14:29:51
[-92, -81, -72, -75, -63],03/03/2022 14:29:55
[-100, -100, -77, -76, -69],03/03/2022 14:30:00
[-100, -80, -72, -74, -63],03/03/2022 14:30:04
[-87, -81, -73, -78, -69],03/03/2022 14:30:08
[-89, -80, -69, -75, -57],03/03/2022 14:30:12
[-100, -80, -74, -78, -57],03/03/2022 14:30:16
[-88, -80, -72, -100, -56],03/03/2022 14:30:21
[-100, -80, -75, -75, -57],03/03/2022 14:30:25
[-90, -85, -73, -74, -62],03/03/2022 14:30:29
[-100, -80, -73, -78, -69],03/03/2022 14:30:33
[-100, -87, -68, -74, -57],03/03/2022 14:30:37
[-93, -81, -71, -74, -69],03/03/2022 14:30:41
[-100, -86, -68, -77, -68],03/03/2022 14:30:45
[-92, -81, -69, -76, -68],03/03/2022 14:30:50
[-91, -87, -73, -75, -62],03/03/2022 14:30:54
[-92, -100, -74, -78, -62],03/03/2022 14:30:58
[-100, -81, -72, -100, -62],03/03/2022 14:31:02
[-87, -85, -73, -77, -63],03/03/2022 14:31:07
[-89, -86, -72, -76, -56],03/03/2022 14:31:11
[-86, -82, -74, -76, -57],03/03/2022 14:31:15
[-92, -82, -72, -77, -56],03/03/2022 14:31:19
[-100, -82, -77, -81, -57],03/03/2022 14:31:23
[-88, -85, -75, -74, -57],03/03/2022 14:31:27
[-89, -83, -78, -75, -62],03/03/2022 14:31:31
[-100, -84, -72, -74, -56],03/03/2022 14:31:36
[-92, -85, -73, -74, -64],03/03/2022 14:31:40
[-90, -85, -73, -79, -68],03/03/2022 14:31:44
[-100, -82, -69, -75, -68],03/03/2022 14:31:48
[-92, -85, -72, -79, -57],03/03/2022 14:31:52
[-93, -82, -76, -78, -63],03/03/2022 14:31:56
[-89, -82, -77, -81, -63],03/03/2022 14:32:01
[-88, -82, -68, -75, -62],03/03/2022 14:32:05
[-100, -86, -100, -74, -57],03/03/2022 14:32:09
[-100, -81, -77, -74, -56],03/03/2022 14:32:13
[-100, -83, -74, -74, -57],03/03/2022 14:32:17
[-91, -82, -76, -74, -57],03/03/2022 14:32:21
[-90, -82, -74, -75, -57],03/03/2022 14:32:26
[-100, -87, -70, -78, -62],03/03/2022 14:32:30
[-89, -100, -69, -79, -69],03/03/2022 14:32:34
[-100, -84, -77, -78, -69],03/03/2022 14:32:38
[-100, -83, -70, -74, -69],03/03/2022 14:32:42
[-100, -100, -74, -75, -68],03/03/2022 14:32:46
[-89, -84, -70, -74, -57],03/03/2022 14:32:51
[-89, -100, -75, -75, -57],03/03/2022 14:32:55
[-88, -81, -73, -76, -57],03/03/2022 14:32:59
[-100, -83, -69, -74, -63],03/03/2022 14:33:03
[-92, -83, -71, -76, -58],03/03/2022 14:33:07
[-92, -84, -78, -74, -57],03/03/2022 14:33:11
[-93, -83, -70, -76, -57],03/03/2022 14:33:16
[-85, -83, -76, -76, -57],03/03/2022 14:33:20
[-90, -83, -72, -76, -57],03/03/2022 14:33:24
[-88, -83, -75, -78, -68],03/03/2022 14:33:28
[-90, -87, -71, -75, -69],03/03/2022 14:33:32
[-84, -100, -69, -78, -63],03/03/2022 14:33:36
[-100, -84, -69, -74, -68],03/03/2022 14:33:41
[-89, -84, -70, -75, -57],03/03/2022 14:33:45
[-86, -82, -70, -76, -56],03/03/2022 14:33:49
[-100, -83, -72, -74, -62],03/03/2022 14:33:53
[-89, -88, -70, -75, -57],03/03/2022 14:33:57
[-90, -83, -70, -78, -62],03/03/2022 14:34:01
[-100, -82, -70, -81, -68],03/03/2022 14:34:06
[-91, -83, -100, -75, -57],03/03/2022 14:34:10
[-91, -83, -71, -76, -57],03/03/2022 14:34:14
[-90, -100, -71, -76, -57],03/03/2022 14:34:18
[-87, -84, -70, -76, -56],03/03/2022 14:34:22
[-84, -81, -71, -75, -62],03/03/2022 14:34:27
[-91, -82, -76, -76, -63],03/03/2022 14:34:31
[-85, -83, -75, -76, -62],03/03/2022 14:34:35
[-100, -82, -71, -74, -67],03/03/2022 14:34:39
[-87, -83, -70, -74, -62],03/03/2022 14:34:43
[-100, -83, -70, -74, -56],03/03/2022 14:34:47
[-89, -82, -100, -74, -57],03/03/2022 14:34:52
[-89, -84, -71, -75, -57],03/03/2022 14:34:56
[-90, -83, -71, -78, -62],03/03/2022 14:35:00
[-90, -83, -75, -78, -69],03/03/2022 14:35:04
[-86, -87, -71, -78, -57],03/03/2022 14:35:08
[-100, -83, -70, -78, -57],03/03/2022 14:35:12
[-90, -89, -76, -78, -57],03/03/2022 14:35:17
[-89, -82, -76, -76, -57],03/03/2022 14:35:21
[-90, -85, -69, -76, -63],03/03/2022 14:35:25
[-86, -83, -72, -74, -63],03/03/2022 14:35:29
[-100, -82, -71, -74, -63],03/03/2022 14:35:34
[-85, -82, -69, -75, -68],03/03/2022 14:35:37
[-89, -84, -70, -77, -63],03/03/2022 14:35:42
[-100, -86, -71, -78, -57],03/03/2022 14:35:46
[-100, -83, -72, -76, -54],03/03/2022 14:35:50
[-90, -82, -73, -78, -57],03/03/2022 14:35:54
[-100, -81, -71, -78, -62],03/03/2022 14:35:58
[-100, -81, -71, -79, -69],03/03/2022 14:36:02
[-87, -82, -70, -80, -57],03/03/2022 14:36:07
[-100, -82, -70, -74, -69],03/03/2022 14:36:11
[-100, -82, -71, -81, -57],03/03/2022 14:36:15
[-90, -84, -71, -80, -56],03/03/2022 14:36:19
[-86, -82, -70, -78, -63],03/03/2022 14:36:23
[-87, -87, -71, -73, -63],03/03/2022 14:36:27
[-87, -85, -70, -74, -69],03/03/2022 14:36:32
[-100, -84, -71, -81, -68],03/03/2022 14:36:36
[-100, -82, -71, -78, -62],03/03/2022 14:36:40
[-86, -100, -72, -80, -57],03/03/2022 14:36:44
[-90, -84, -75, -73, -57],03/03/2022 14:36:48
[-100, -87, -71, -79, -57],03/03/2022 14:36:52
[-100, -81, -75, -74, -62],03/03/2022 14:36:56
[-89, -88, -71, -74, -68],03/03/2022 14:37:01
[-91, -83, -69, -75, -68],03/03/2022 14:37:05
[-88, -83, -72, -76, -56],03/03/2022 14:37:09
[-85, -82, -71, -76, -68],03/03/2022 14:37:13
[-89, -82, -70, -76, -57],03/03/2022 14:37:17
[-86, -84, -71, -77, -62],03/03/2022 14:37:22
[-91, -83, -70, -74, -62],03/03/2022 14:37:26
[-88, -80, -70, -77, -62],03/03/2022 14:37:30
[-90, -84, -70, -75, -63],03/03/2022 14:37:34
[-90, -82, -71, -74, -62],03/03/2022 14:37:38
[-89, -100, -75, -75, -56],03/03/2022 14:37:43
[-85, -83, -77, -76, -56],03/03/2022 14:37:47
[-100, -88, -75, -74, -63],03/03/2022 14:37:51
[-100, -82, -77, -77, -62],03/03/2022 14:37:55
[-90, -89, -70, -77, -68],03/03/2022 14:37:59
[-91, -83, -70, -74, -68],03/03/2022 14:38:03
[-100, -82, -71, -78, -57],03/03/2022 14:38:07
[-100, -83, -70, -77, -57],03/03/2022 14:38:12
[-100, -82, -71, -81, -56],03/03/2022 14:38:16
[-90, -100, -74, -76, -62],03/03/2022 14:38:20
[-89, -88, -76, -75, -62],03/03/2022 14:38:24
[-88, -81, -71, -74, -63],03/03/2022 14:38:28
[-86, -82, -75, -74, -62],03/03/2022 14:38:33
[-84, -83, -68, -77, -63],03/03/2022 14:38:37
[-100, -83, -70, -76, -57],03/03/2022 14:38:41
[-88, -82, -70, -75, -56],03/03/2022 14:38:45
[-90, -81, -76, -74, -57],03/03/2022 14:38:49
[-88, -82, -70, -77, -57],03/03/2022 14:38:54
[-90, -85, -73, -74, -68],03/03/2022 14:38:58
[-89, -81, -69, -77, -68],03/03/2022 14:39:02
[-88, -100, -74, -77, -69],03/03/2022 14:39:06
[-89, -84, -74, -78, -69],03/03/2022 14:39:10
[-100, -85, -76, -74, -57],03/03/2022 14:39:14
[-87, -80, -72, -77, -62],03/03/2022 14:39:18
[-100, -82, -74, -74, -62],03/03/2022 14:39:23
[-100, -80, -77, -75, -63],03/03/2022 14:39:27
[-86, -82, -72, -76, -68],03/03/2022 14:39:31
[-89, -81, -68, -77, -57],03/03/2022 14:39:35
[-100, -81, -71, -74, -57],03/03/2022 14:39:39
[-100, -81, -71, -74, -63],03/03/2022 14:39:44
[-90, -80, -71, -75, -57],03/03/2022 14:39:47
[-100, -82, -71, -74, -63],03/03/2022 14:39:52
[-89, -84, -71, -76, -62],03/03/2022 14:39:56
[-89, -100, -71, -75, -62],03/03/2022 14:40:00
[-100, -82, -74, -75, -63],03/03/2022 14:40:04
[-87, -80, -72, -76, -68],03/03/2022 14:40:08
[-100, -87, -72, -75, -62],03/03/2022 14:40:12
[-100, -80, -74, -77, -57],03/03/2022 14:40:17
[-91, -100, -72, -74, -56],03/03/2022 14:40:21
[-86, -81, -72, -75, -63],03/03/2022 14:40:25
[-100, -81, -72, -77, -62],03/03/2022 14:40:29
[-91, -81, -69, -74, -63],03/03/2022 14:40:33
[-89, -81, -72, -78, -56],03/03/2022 14:40:38
[-86, -82, -75, -75, -57],03/03/2022 14:40:42
[-91, -84, -71, -77, -57],03/03/2022 14:40:46
[-92, -81, -69, -75, -57],03/03/2022 14:40:50
[-88, -82, -100, -76, -68],03/03/2022 14:40:54
[-100, -82, -73, -75, -68],03/03/2022 14:40:58
[-89, -82, -71, -75, -62],03/03/2022 14:41:03
[-91, -84, -74, -75, -68],03/03/2022 14:41:07
[-100, -85, -71, -74, -56],03/03/2022 14:41:11
[-87, -88, -72, -74, -56],03/03/2022 14:41:15
[-100, -87, -70, -74, -63],03/03/2022 14:41:19
[-100, -81, -71, -74, -57],03/03/2022 14:41:23
[-86, -81, -73, -74, -62],03/03/2022 14:41:27
[-89, -85, -69, -75, -63],03/03/2022 14:41:32
[-88, -81, -78, -76, -57],03/03/2022 14:41:36
[-89, -80, -71, -75, -57],03/03/2022 14:41:40
[-85, -80, -72, -76, -68],03/03/2022 14:41:44
[-91, -100, -71, -74, -57],03/03/2022 14:41:48
[-89, -80, -72, -75, -63],03/03/2022 14:41:53
[-88, -85, -73, -75, -62],03/03/2022 14:41:57
[-100, -80, -76, -76, -62],03/03/2022 14:42:01
[-90, -81, -75, -74, -63],03/03/2022 14:42:05
[-100, -80, -71, -77, -70],03/03/2022 14:42:09
[-89, -100, -76, -74, -56],03/03/2022 14:42:13
[-84, -84, -71, -77, -57],03/03/2022 14:42:18
[-90, -82, -72, -77, -56],03/03/2022 14:42:22
[-89, -83, -72, -75, -57],03/03/2022 14:42:26
[-84, -81, -71, -75, -56],03/03/2022 14:42:30
[-87, -84, -69, -76, -68],03/03/2022 14:42:34
[-89, -80, -75, -75, -68],03/03/2022 14:42:39
[-88, -86, -73, -75, -69],03/03/2022 14:42:43
[-100, -81, -75, -76, -57],03/03/2022 14:42:47
[-100, -100, -71, -77, -63],03/03/2022 14:42:51
[-88, -81, -71, -78, -62],03/03/2022 14:42:55
[-90, -83, -71, -74, -62],03/03/2022 14:42:59
[-100, -82, -72, -75, -63],03/03/2022 14:43:03
[-86, -85, -72, -76, -62],03/03/2022 14:43:08
[-88, -100, -68, -74, -68],03/03/2022 14:43:12
[-88, -81, -71, -76, -57],03/03/2022 14:43:16
[-88, -85, -77, -75, -57],03/03/2022 14:43:20
[-100, -85, -73, -78, -100],03/03/2022 14:43:24
[-100, -84, -78, -100, -69],03/03/2022 14:43:28