
[-88, -86, -65, -84, -49],03/03/2022 12:40:26
[-89, -83, -69, -83, -49],03/03/2022 12:40:30
[-100, -83, -70, -85, -49],03/03/2022 12:40:35
[-90, -82, -70, -84, -50],03/03/2022 12:40:39
[-89, -81, -65, -83, -58],03/03/2022 12:40:43
[-91, -100, -63, -78, -50],03/03/2022 12:40:47
[-100, -82, -66, -79, -59],03/03/2022 12:40:51
[-100, -82, -64, -83, -50],03/03/2022 12:40:55
[-91, -100, -64, -85, -49],03/03/2022 12:41:00
[-89, -84, -67, -87, -49],03/03/2022 12:41:04
[-100, -84, -68, -85, -49],03/03/2022 12:41:08
[-100, -84, -68, -86, -49],03/03/2022 12:41:12
[-88, -83, -68, -100, -58],03/03/2022 12:41:16
[-89, -83, -69, -88, -58],03/03/2022 12:41:20
[-100, -82, -64, -89, -59],03/03/2022 12:41:24
[-87, -82, -66, -86, -48],03/03/2022 12:41:28
[-90, -82, -67, -87, -48],03/03/2022 12:41:33
[-88, -100, -66, -89, -50],03/03/2022 12:41:37
[-100, -85, -67, -83, -50],03/03/2022 12:41:41
[-91, -83, -65, -82, -50],03/03/2022 12:41:45
[-89, -82, -69, -81, -49],03/03/2022 12:41:49
[-100, -100, -69, -84, -50],03/03/2022 12:41:53
[-89, -100, -64, -89, -58],03/03/2022 12:41:58
[-89, -84, -68, -87, -48],03/03/2022 12:42:02
[-100, -84, -69, -88, -49],03/03/2022 12:42:06
[-90, -84, -66, -88, -49],03/03/2022 12:42:10
[-100, -100, -67, -87, -49],03/03/2022 12:42:14
[-89, -83, -67, -80, -58],03/03/2022 12:42:19
[-100, -100, -64, -80, -57],03/03/2022 12:42:23
[-88, -85, -64, -79, -57],03/03/2022 12:42:27
[-87, -83, -67, -82, -49],03/03/2022 12:42:31
[-91, -100, -64, -80, -48],03/03/2022 12:42:35
[-100, -100, -65, -84, -50],03/03/2022 12:42:39
[-100, -85, -64, -86, -48],03/03/2022 12:42:43
[-100, -83, -69, -80, -50],03/03/2022 12:42:48
[-100, -100, -70, -89, -50],03/03/2022 12:42:52
[-100, -100, -69, -82, -48],03/03/2022 12:42:56
[-92, -83, -64, -89, -48],03/03/2022 12:43:00
[-90, -83, -64, -82, -49],03/03/2022 12:43:04
[-100, -83, -64, -81, -50],03/03/2022 12:43:08
[-92, -83, -64, -81, -50],03/03/2022 12:43:13
[-100, -87, -64, -81, -57],03/03/2022 12:43:17
[-92, -84, -71, -90, -57],03/03/2022 12:43:21
[-100, -82, -69, -81, -58],03/03/2022 12:43:25
[-100, -83, -70, -81, -58],03/03/2022 12:43:29
[-90, -83, -69, -79, -48],03/03/2022 12:43:34
[-100, -100, -69, -100, -50],03/03/2022 12:43:38
[-88, -100, -67, -78, -50],03/03/2022 12:43:42
[-88, -100, -65, -81, -50],03/03/2022 12:43:46
[-100, -84, -67, -80, -50],03/03/2022 12:43:50
[-100, -100, -67, -80, -48],03/03/2022 12:43:54
[-89, -82, -70, -80, -48],03/03/2022 12:43:58
[-91, -83, -70, -92, -48],03/03/2022 12:44:02
[-100, -88, -64, -79, -48],03/03/2022 12:44:06
[-100, -83, -64, -90, -49],03/03/2022 12:44:11
[-89, -85, -64, -78, -58],03/03/2022 12:44:15
[-100, -86, -70, -77, -49],03/03/2022 12:44:19
[-90, -100, -67, -79, -58],03/03/2022 12:44:23
[-89, -88, -64, -79, -58],03/03/2022 12:44:27
[-89, -85, -68, -80, -48],03/03/2022 12:44:31
[-100, -100, -69, -91, -50],03/03/2022 12:44:36
[-100, -83, -65, -79, -50],03/03/2022 12:44:40
[-95, -82, -64, -91, -58],03/03/2022 12:44:44
[-100, -83, -70, -79, -50],03/03/2022 12:44:48
[-100, -83, -65, -80, -48],03/03/2022 12:44:52
[-100, -84, -65, -79, -49],03/03/2022 12:44:57
[-92, -100, -70, -79, -49],03/03/2022 12:45:01
[-93, -84, -70, -81, -49],03/03/2022 12:45:05
[-100, -84, -70, -80, -50],03/03/2022 12:45:09
[-100, -83, -64, -80, -58],03/03/2022 12:45:13
[-89, -84, -67, -80, -58],03/03/2022 12:45:17
[-88, -83, -67, -80, -58],03/03/2022 12:45:22
[-100, -83, -68, -81, -57],03/03/2022 12:45:26
[-87, -100, -67, -79, -49],03/03/2022 12:45:30
[-100, -100, -67, -92, -50],03/03/2022 12:45:34
[-89, -84, -64, -92, -50],03/03/2022 12:45:38
[-100, -83, -64, -91, -58],03/03/2022 12:45:42
[-91, -82, -67, -80, -49],03/03/2022 12:45:47
[-100, -83, -66, -79, -48],03/03/2022 12:45:51
[-89, -83, -70, -78, -48],03/03/2022 12:45:55
[-90, -83, -68, -79, -49],03/03/2022 12:45:59
[-93, -82, -69, -79, -50],03/03/2022 12:46:03
[-100, -100, -67, -80, -50],03/03/2022 12:46:07
[-91, -84, -70, -79, -58],03/03/2022 12:46:12
[-100, -82, -67, -89, -57],03/03/2022 12:46:16
[-100, -100, -64, -91, -58],03/03/2022 12:46:20
[-90, -83, -67, -79, -58],03/03/2022 12:46:24
[-90, -84, -67, -93, -48],03/03/2022 12:46:28
[-91, -83, -67, -79, -50],03/03/2022 12:46:32
[-92, -84, -70, -80, -50],03/03/2022 12:46:36
[-90, -100, -69, -79, -50],03/03/2022 12:46:41
[-100, -86, -69, -79, -50],03/03/2022 12:46:45
[-100, -84, -69, -89, -57],03/03/2022 12:46:49
[-100, -100, -67, -89, -48],03/03/2022 12:46:53
[-100, -88, -68, -90, -49],03/03/2022 12:46:57
[-91, -85, -67, -89, -50],03/03/2022 12:47:01
[-92, -84, -67, -80, -49],03/03/2022 12:47:06
[-100, -85, -68, -78, -59],03/03/2022 12:47:10
[-90, -83, -70, -79, -58],03/03/2022 12:47:14
[-100, -83, -65, -79, -58],03/03/2022 12:47:18
[-100, -100, -70, -90, -48],03/03/2022 12:47:22
[-100, -84, -69, -93, -50],03/03/2022 12:47:26
[-91, -84, -70, -79, -50],03/03/2022 12:47:31
[-88, -81, -67, -79, -50],03/03/2022 12:47:35
[-89, -83, -68, -80, -50],03/03/2022 12:47:39
[-89, -100, -68, -80, -50],03/03/2022 12:47:43
[-88, -83, -70, -80, -49],03/03/2022 12:47:47
[-89, -83, -64, -80, -50],03/03/2022 12:47:52
[-87, -82, -64, -80, -48],03/03/2022 12:47:56
[-89, -82, -66, -80, -49],03/03/2022 12:48:00
[-90, -83, -64, -79, -58],03/03/2022 12:48:04
[-100, -100, -67, -79, -58],03/03/2022 12:48:08
[-87, -87, -69, -79, -58],03/03/2022 12:48:12
[-100, -83, -69, -79, -58],03/03/2022 12:48:16
[-86, -82, -70, -82, -48],03/03/2022 12:48:21
[-89, -83, -69, -79, -49],03/03/2022 12:48:25
[-87, -83, -70, -90, -50],03/03/2022 12:48:29
[-100, -83, -67, -90, -50],03/03/2022 12:48:33
[-100, -100, -68, -100, -58],03/03/2022 12:48:37
[-100, -100, -67, -78, -58],03/03/2022 12:48:41
[-89, -84, -67, -91, -49],03/03/2022 12:48:45
[-89, -83, -70, -79, -49],03/03/2022 12:48:50
[-91, -84, -65, -87, -48],03/03/2022 12:48:54
[-100, -100, -65, -90, -50],03/03/2022 12:48:58
[-90, -83, -64, -80, -58],03/03/2022 12:49:02
[-88, -100, -65, -79, -58],03/03/2022 12:49:06
[-89, -82, -67, -80, -49],03/03/2022 12:49:10
[-87, -84, -70, -90, -49],03/03/2022 12:49:15
[-87, -81, -67, -80, -49],03/03/2022 12:49:19
[-100, -84, -70, -80, -50],03/03/2022 12:49:23
[-90, -83, -68, -90, -50],03/03/2022 12:49:27
[-89, -82, -64, -95, -50],03/03/2022 12:49:31
[-100, -83, -65, -80, -57],03/03/2022 12:49:35
[-91, -83, -64, -92, -58],03/03/2022 12:49:40
[-89, -82, -64, -79, -49],03/03/2022 12:49:44
[-89, -82, -67, -79, -49],03/03/2022 12:49:48
[-100, -83, -69, -92, -49],03/03/2022 12:49:52
[-100, -100, -69, -80, -50],03/03/2022 12:49:56
[-100, -83, -70, -80, -57],03/03/2022 12:50:00
[-88, -83, -67, -80, -57],03/03/2022 12:50:05
[-89, -84, -65, -80, -49],03/03/2022 12:50:09
[-100, -83, -67, -81, -48],03/03/2022 12:50:13
[-100, -100, -64, -79, -49],03/03/2022 12:50:17
[-100, -85, -67, -78, -50],03/03/2022 12:50:21
[-90, -100, -67, -80, -58],03/03/2022 12:50:25
[-100, -83, -66, -93, -50],03/03/2022 12:50:30
[-100, -100, -70, -100, -58],03/03/2022 12:50:34
[-100, -100, -65, -80, -48],03/03/2022 12:50:38
[-100, -83, -69, -81, -49],03/03/2022 12:50:42
[-100, -93, -67, -93, -50],03/03/2022 12:50:46
[-89, -84, -67, -79, -50],03/03/2022 12:50:50
[-90, -83, -67, -89, -50],03/03/2022 12:50:54
[-100, -81, -70, -100, -48],03/03/2022 12:50:59
[-92, -82, -67, -90, -57],03/03/2022 12:51:03
[-88, -82, -69, -91, -49],03/03/2022 12:51:07
[-100, -83, -70, -79, -57],03/03/2022 12:51:11
[-100, -83, -64, -91, -47],03/03/2022 12:51:15
[-91, -83, -64, -79, -50],03/03/2022 12:51:19
[-100, -83, -64, -80, -49],03/03/2022 12:51:24
[-100, -82, -64, -80, -50],03/03/2022 12:51:28
[-90, -82, -70, -80, -58],03/03/2022 12:51:32
[-100, -83, -70, -80, -50],03/03/2022 12:51:36
[-90, -100, -69, -78, -49],03/03/2022 12:51:40
[-89, -84, -64, -80, -48],03/03/2022 12:51:45
[-100, -82, -67, -91, -48],03/03/2022 12:51:49
[-100, -100, -64, -81, -58],03/03/2022 12:51:53
[-87, -85, -67, -91, -48],03/03/2022 12:51:57
[-100, -82, -67, -81, -58],03/03/2022 12:52:01
[-88, -100, -70, -79, -58],03/03/2022 12:52:05
[-100, -84, -70, -82, -57],03/03/2022 12:52:09
[-100, -100, -64, -87, -48],03/03/2022 12:52:14
[-90, -84, -62, -81, -50],03/03/2022 12:52:18
[-100, -83, -67, -81, -57],03/03/2022 12:52:22
[-100, -82, -69, -80, -50],03/03/2022 12:52:26
[-87, -84, -69, -89, -58],03/03/2022 12:52:30
[-100, -84, -65, -82, -48],03/03/2022 12:52:34
[-100, -83, -64, -81, -50],03/03/2022 12:52:39
[-100, -84, -67, -84, -50],03/03/2022 12:52:43
[-100, -83, -67, -82, -50],03/03/2022 12:52:47
[-88, -82, -66, -84, -50],03/03/2022 12:52:51
[-100, -83, -66, -86, -48],03/03/2022 12:52:55
[-87, -82, -65, -81, -50],03/03/2022 12:53:00
[-88, -85, -64, -80, -49],03/03/2022 12:53:04
[-86, -100, -62, -82, -48],03/03/2022 12:53:08
[-90, -84, -63, -81, -49],03/03/2022 12:53:12
[-91, -100, -64, -82, -58],03/03/2022 12:53:16
[-100, -84, -62, -83, -58],03/03/2022 12:53:20
[-86, -84, -67, -83, -57],03/03/2022 12:53:24
[-100, -100, -66, -84, -58],03/03/2022 12:53:29
[-100, -83, -67, -83, -58],03/03/2022 12:53:33
[-90, -100, -69, -82, -50],03/03/2022 12:53:37
[-90, -84, -62, -82, -50],03/03/2022 12:53:41
[-100, -83, -62, -82, -50],03/03/2022 12:53:45
[-87, -100, -64, -82, -50],03/03/2022 12:53:49
[-100, -83, -64, -88, -48],03/03/2022 12:53:54
[-100, -84, -64, -85, -48],03/03/2022 12:53:58
[-87, -81, -69, -82, -48],03/03/2022 12:54:02
[-100, -84, -66, -81, -49],03/03/2022 12:54:06
[-100, -100, -69, -81, -48],03/03/2022 12:54:10
[-88, -83, -69, -83, -57],03/03/2022 12:54:15
[-86, -83, -69, -85, -58],03/03/2022 12:54:19
[-88, -84, -66, -81, -50],03/03/2022 12:54:23
[-87, -83, -64, -100, -57],03/03/2022 12:54:27
[-100, -84, -66, -81, -50],03/03/2022 12:54:31
[-100, -82, -67, -82, -48],03/03/2022 12:54:35
[-100, -83, -67, -85, -47],03/03/2022 12:54:39
[-100, -83, -68, -82, -48],03/03/2022 12:54:44
[-86, -100, -69, -81, -48],03/03/2022 12:54:48
[-100, -84, -69, -82, -50],03/03/2022 12:54:52
[-100, -84, -69, -82, -58],03/03/2022 12:54:56
[-100, -100, -67, -83, -50],03/03/2022 12:55:00
[-100, -100, -63, -82, -57],03/03/2022 12:55:05
[-89, -100, -66, -85, -58],03/03/2022 12:55:09
[-89, -83, -66, -83, -49],03/03/2022 12:55:13
[-100, -82, -65, -82, -50],03/03/2022 12:55:17
[-100, -85, -69, -83, -50],03/03/2022 12:55:21
[-88, -83, -61, -82, -50],03/03/2022 12:55:25
[-100, -100, -64, -89, -50],03/03/2022 12:55:30
[-85, -85, -63, -85, -58],03/03/2022 12:55:34
[-100, -82, -69, -84, -49],03/03/2022 12:55:38
[-87, -83, -66, -100, -57],03/03/2022 12:55:42
[-91, -83, -67, -83, -48],03/03/2022 12:55:46
[-88, -83, -66, -89, -50],03/03/2022 12:55:50
[-100, -83, -66, -88, -50],03/03/2022 12:55:55
[-88, -83, -62, -88, -50],03/03/2022 12:55:59
[-100, -100, -64, -84, -58],03/03/2022 12:56:03
[-100, -100, -63, -84, -50],03/03/2022 12:56:07
[-86, -100, -63, -84, -48],03/03/2022 12:56:11
[-88, -81, -63, -82, -49],03/03/2022 12:56:15
[-93, -85, -66, -87, -48],03/03/2022 12:56:20
[-89, -100, -69, -83, -49],03/03/2022 12:56:24
[-90, -83, -69, -83, -49],03/03/2022 12:56:28
[-88, -82, -69, -84, -48],03/03/2022 12:56:32
[-100, -83, -64, -81, -49],03/03/2022 12:56:36
[-89, -82, -69, -82, -58],03/03/2022 12:56:40
[-100, -85, -66, -83, -48],03/03/2022 12:56:45
[-90, -100, -66, -83, -50],03/03/2022 12:56:49
[-90, -83, -66, -81, -50],03/03/2022 12:56:53
[-100, -100, -63, -81, -50],03/03/2022 12:56:57
[-88, -82, -69, -80, -50],03/03/2022 12:57:01
[-100, -100, -70, -83, -50],03/03/2022 12:57:05
[-89, -82, -64, -82, -48],03/03/2022 12:57:10
[-89, -83, -64, -81, -49],03/03/2022 12:57:14
[-90, -83, -64, -81, -48],03/03/2022 12:57:18
[-100, -83, -71, -84, -50],03/03/2022 12:57:22
[-100, -83, -71, -84, -50],03/03/2022 12:57:26
[-100, -84, -68, -100, -56],03/03/2022 12:57:30
[-88, -84, -66, -84, -48],03/03/2022 12:57:35
[-88, -83, -66, -90, -48],03/03/2022 12:57:39
[-88, -83, -66, -83, -48],03/03/2022 12:57:43
[-87, -84, -66, -80, -50],03/03/2022 12:57:47
[-89, -100, -68, -84, -50],03/03/2022 12:57:51
[-88, -85, -63, -84, -49],03/03/2022 12:57:56
[-100, -87, -61, -83, -49],03/03/2022 12:58:00
[-100, -84, -69, -82, -50],03/03/2022 12:58:04
[-100, -100, -62, -80, -47],03/03/2022 12:58:08
[-100, -84, -63, -82, -49],03/03/2022 12:58:12
[-88, -100, -66, -82, -48],03/03/2022 12:58:16
[-100, -100, -66, -82, -50],03/03/2022 12:58:20
[-100, -82, -71, -82, -49],03/03/2022 12:58:25
[-88, -84, -71, -84, -58],03/03/2022 12:58:29
[-100, -84, -64, -82, -48],03/03/2022 12:58:33
[-89, -82, -64, -81, -48],03/03/2022 12:58:37
[-100, -100, -71, -82, -49],03/03/2022 12:58:41
[-89, -82, -64, -83, -50],03/03/2022 12:58:45
[-88, -81, -66, -91, -49],03/03/2022 12:58:50
[-89, -83, -71, -86, -50],03/03/2022 12:58:54
[-89, -100, -71, -82, -50],03/03/2022 12:58:58
[-89, -100, -71, -83, -49],03/03/2022 12:59:02
[-88, -83, -64, -83, -48],03/03/2022 12:59:06
[-100, -100, -71, -83, -48],03/03/2022 12:59:10
[-100, -82, -66, -86, -48],03/03/2022 12:59:15
[-100, -83, -65, -86, -48],03/03/2022 12:59:19
[-100, -100, -65, -89, -48],03/03/2022 12:59:23
[-89, -84, -66, -83, -57],03/03/2022 12:59:27
[-91, -83, -70, -82, -58],03/03/2022 12:59:31
[-91, -100, -63, -82, -56],03/03/2022 12:59:35
[-100, -100, -71, -82, -58],03/03/2022 12:59:40
[-88, -82, -61, -83, -48],03/03/2022 12:59:44
[-90, -83, -70, -88, -50],03/03/2022 12:59:48
[-100, -100, -67, -93, -48],03/03/2022 12:59:52
[-89, -82, -64, -85, -50],03/03/2022 12:59:56
[-89, -83, -63, -84, -48],03/03/2022 13:00:00
[-100, -100, -62, -82, -58],03/03/2022 13:00:05
[-100, -81, -64, -88, -48],03/03/2022 13:00:09
[-89, -83, -71, -83, -58],03/03/2022 13:00:13
[-89, -82, -66, -87, -58],03/03/2022 13:00:17
[-87, -83, -70, -80, -58],03/03/2022 13:00:21
[-100, -100, -70, -83, -50],03/03/2022 13:00:26
[-89, -83, -61, -83, -50],03/03/2022 13:00:30
[-92, -82, -66, -83, -50],03/03/2022 13:00:34
[-87, -83, -65, -83, -50],03/03/2022 13:00:38
[-87, -81, -66, -84, -48],03/03/2022 13:00:42
[-90, -83, -67, -82, -48],03/03/2022 13:00:46
[-100, -82, -71, -81, -49],03/03/2022 13:00:51
[-89, -83, -71, -87, -56],03/03/2022 13:00:55
[-100, -82, -70, -88, -48],03/03/2022 13:00:59
[-89, -100, -70, -90, -58],03/03/2022 13:01:03
[-88, -82, -60, -82, -50],03/03/2022 13:01:07
[-89, -83, -65, -95, -57],03/03/2022 13:01:11
[-88, -83, -67, -83, -58],03/03/2022 13:01:15
[-88, -82, -66, -82, -57],03/03/2022 13:01:20
[-87, -82, -69, -94, -50],03/03/2022 13:01:24
[-87, -81, -71, -82, -49],03/03/2022 13:01:28
[-100, -100, -64, -83, -50],03/03/2022 13:01:32
[-100, -84, -64, -82, -50],03/03/2022 13:01:36
[-100, -83, -63, -83, -58],03/03/2022 13:01:41
[-92, -84, -62, -80, -48],03/03/2022 13:01:45
[-88, -90, -64, -84, -48],03/03/2022 13:01:49
[-100, -100, -65, -91, -48],03/03/2022 13:01:53
[-100, -100, -61, -88, -49],03/03/2022 13:01:57
[-88, -83, -71, -82, -58],03/03/2022 13:02:01
[-89, -100, -71, -81, -57],03/03/2022 13:02:06
[-89, -83, -64, -89, -57],03/03/2022 13:02:10
[-89, -83, -64, -82, -58],03/03/2022 13:02:14
[-91, -100, -64, -82, -58],03/03/2022 13:02:18
[-89, -83, -64, -81, -50],03/03/2022 13:02:22
[-100, -83, -63, -82, -48],03/03/2022 13:02:26
[-100, -82, -70, -82, -50],03/03/2022 13:02:31
[-100, -81, -62, -82, -58],03/03/2022 13:02:35
[-100, -100, -70, -89, -48],03/03/2022 13:02:39
[-91, -82, -71, -82, -48],03/03/2022 13:02:43
[-92, -82, -66, -84, -49],03/03/2022 13:02:47
[-90, -84, -66, -82, -48],03/03/2022 13:02:51
[-100, -81, -66, -84, -48],03/03/2022 13:02:56
[-100, -83, -64, -81, -50],03/03/2022 13:03:00
[-92, -82, -64, -83, -50],03/03/2022 13:03:04
[-89, -82, -63, -83, -58],03/03/2022 13:03:08
[-88, -83, -64, -83, -50],03/03/2022 13:03:12
[-92, -100, -65, -82, -49],03/03/2022 13:03:16
[-86, -100, -64, -91, -48],03/03/2022 13:03:21
[-100, -83, -65, -83, -48],03/03/2022 13:03:25
[-88, -84, -65, -88, -48],03/03/2022 13:03:29
[-100, -100, -64, -90, -48],03/03/2022 13:03:33
[-100, -81, -65, -82, -57],03/03/2022 13:03:37
[-90, -100, -64, -81, -58],03/03/2022 13:03:42
[-100, -82, -64, -82, -58],03/03/2022 13:03:46
[-100, -100, -64, -87, -48],03/03/2022 13:03:50
[-89, -100, -64, -83, -58],03/03/2022 13:03:54
[-88, -83, -64, -82, -50],03/03/2022 13:03:58
[-100, -83, -64, -83, -49],03/03/2022 13:04:02
[-88, -83, -66, -82, -51],03/03/2022 13:04:06
[-100, -84, -71, -88, -50],03/03/2022 13:04:11
[-100, -100, -66, -83, -50],03/03/2022 13:04:15
[-88, -82, -71, -82, -48],03/03/2022 13:04:19
[-100, -100, -65, -100, -50],03/03/2022 13:04:23
[-88, -83, -64, -81, -48],03/03/2022 13:04:27
[-89, -83, -63, -81, -50],03/03/2022 13:04:31
[-88, -100, -65, -80, -57],03/03/2022 13:04:36
[-89, -82, -66, -83, -58],03/03/2022 13:04:40
[-90, -82, -65, -83, -57],03/03/2022 13:04:44
[-87, -83, -67, -83, -58],03/03/2022 13:04:48
[-91, -82, -67, -83, -58],03/03/2022 13:04:52
[-89, -100, -71, -83, -50],03/03/2022 13:04:57
[-89, -82, -71, -82, -49],03/03/2022 13:05:01
[-88, -82, -64, -85, -50],03/03/2022 13:05:05
[-100, -82, -65, -82, -50],03/03/2022 13:05:09
[-89, -100, -65, -83, -50],03/03/2022 13:05:13
[-100, -84, -65, -100, -48],03/03/2022 13:05:17
[-86, -83, -70, -83, -48],03/03/2022 13:05:22
[-90, -100, -64, -82, -49],03/03/2022 13:05:26
[-88, -100, -64, -84, -49],03/03/2022 13:05:30
[-89, -83, -63, -83, -57],03/03/2022 13:05:34
[-87, -100, -63, -84, -57],03/03/2022 13:05:38
[-100, -83, -71, -87, -58],03/03/2022 13:05:42
[-88, -83, -71, -83, -48],03/03/2022 13:05:47
[-89, -85, -64, -90, -48],03/03/2022 13:05:51
[-87, -81, -64, -82, -50],03/03/2022 13:05:55
[-100, -82, -71, -81, -50],03/03/2022 13:05:59
[-90, -83, -65, -83, -50],03/03/2022 13:06:03
[-89, -82, -66, -83, -50],03/03/2022 13:06:07
[-100, -82, -66, -83, -58],03/03/2022 13:06:12
[-87, -82, -65, -83, -50],03/03/2022 13:06:16
[-90, -82, -70, -92, -48],03/03/2022 13:06:20
[-88, -100, -66, -82, -48],03/03/2022 13:06:24
[-100, -81, -71, -87, -48],03/03/2022 13:06:28
[-100, -87, -63, -82, -57],03/03/2022 13:06:33
[-100, -83, -71, -83, -50],03/03/2022 13:06:37
[-100, -100, -63, -82, -50],03/03/2022 13:06:41
[-89, -84, -66, -82, -50],03/03/2022 13:06:45
[-100, -81, -63, -83, -57],03/03/2022 13:06:49
[-91, -82, -66, -83, -48],03/03/2022 13:06:53
[-89, -82, -65, -88, -48],03/03/2022 13:06:58
[-88, -83, -71, -93, -50],03/03/2022 13:07:02
[-100, -83, -71, -83, -50],03/03/2022 13:07:06
[-92, -82, -62, -80, -50],03/03/2022 13:07:10
[-100, -81, -65, -83, -48],03/03/2022 13:07:14
[-100, -87, -66, -82, -48],03/03/2022 13:07:18
[-88, -83, -71, -83, -48],03/03/2022 13:07:22
[-100, -100, -67, -82, -48],03/03/2022 13:07:27
[-100, -83, -70, -84, -50],03/03/2022 13:07:31
[-100, -82, -66, -82, -57],03/03/2022 13:07:35
[-100, -80, -64, -82, -58],03/03/2022 13:07:39
[-88, -83, -66, -80, -57],03/03/2022 13:07:43
[-87, -82, -66, -81, -58],03/03/2022 13:07:47
[-100, -82, -66, -82, -49],03/03/2022 13:07:52
[-100, -83, -65, -82, -50],03/03/2022 13:07:56
[-91, -81, -61, -83, -50],03/03/2022 13:08:00
[-93, -83, -65, -81, -50],03/03/2022 13:08:04
[-89, -83, -63, -81, -50],03/03/2022 13:08:08
[-92, -85, -64, -82, -48],03/03/2022 13:08:13
[-89, -100, -64, -82, -48],03/03/2022 13:08:17
[-100, -100, -70, -83, -48],03/03/2022 13:08:21
[-87, -100, -70, -82, -49],03/03/2022 13:08:25
[-100, -83, -71, -82, -49],03/03/2022 13:08:29
[-89, -100, -70, -82, -58],03/03/2022 13:08:33
[-100, -100, -63, -82, -58],03/03/2022 13:08:38
[-100, -82, -63, -83, -57],03/03/2022 13:08:42
[-88, -83, -63, -82, -57],03/03/2022 13:08:46
[-90, -100, -65, -84, -50],03/03/2022 13:08:50
[-88, -100, -63, -83, -50],03/03/2022 13:08:54
[-100, -84, -70, -84, -50],03/03/2022 13:08:58
[-100, -100, -69, -83, -51],03/03/2022 13:09:03
[-91, -100, -69, -84, -50],03/03/2022 13:09:07
[-100, -100, -69, -83, -48],03/03/2022 13:09:11
[-88, -82, -66, -82, -48],03/03/2022 13:09:15
[-87, -84, -63, -85, -48],03/03/2022 13:09:19
[-90, -83, -65, -81, -48],03/03/2022 13:09:23
[-100, -82, -66, -83, -58],03/03/2022 13:09:28
[-88, -82, -69, -83, -50],03/03/2022 13:09:32
[-100, -100, -64, -82, -58],03/03/2022 13:09:36
[-88, -82, -65, -82, -58],03/03/2022 13:09:40
[-89, -100, -62, -85, -57],03/03/2022 13:09:44
[-100, -82, -66, -82, -50],03/03/2022 13:09:48
[-89, -82, -61, -84, -50],03/03/2022 13:09:53
[-89, -83, -70, -83, -50],03/03/2022 13:09:57
[-88, -83, -70, -84, -50],03/03/2022 13:10:01
[-89, -81, -69, -84, -50],03/03/2022 13:10:05
[-100, -100, -63, -84, -48],03/03/2022 13:10:09
[-100, -81, -66, -83, -58],03/03/2022 13:10:13
[-100, -82, -63, -83, -58],03/03/2022 13:10:18
[-90, -81, -63, -84, -58],03/03/2022 13:10:22
[-89, -82, -63, -81, -50],03/03/2022 13:10:26
[-88, -82, -63, -84, -50],03/03/2022 13:10:30
[-100, -83, -70, -100, -50],03/03/2022 13:10:34
[-87, -82, -69, -83, -50],03/03/2022 13:10:38
[-88, -82, -69, -83, -50],03/03/2022 13:10:43
[-88, -100, -70, -82, -48],03/03/2022 13:10:47
[-90, -83, -63, -81, -48],03/03/2022 13:10:51
[-86, -83, -66, -83, -48],03/03/2022 13:10:55
[-88, -82, -66, -81, -48],03/03/2022 13:10:59
[-100, -82, -70, -80, -48],03/03/2022 13:11:03
[-89, -81, -70, -83, -48],03/03/2022 13:11:08
[-88, -83, -63, -83, -58],03/03/2022 13:11:12
[-88, -82, -65, -83, -48],03/03/2022 13:11:16
[-90, -82, -66, -85, -58],03/03/2022 13:11:20
[-90, -81, -66, -84, -57],03/03/2022 13:11:24
[-87, -100, -65, -83, -50],03/03/2022 13:11:28
[-100, -82, -70, -83, -50],03/03/2022 13:11:33
[-87, -82, -70, -82, -50],03/03/2022 13:11:37
[-89, -80, -70, -83, -50],03/03/2022 13:11:41
[-88, -86, -70, -83, -49],03/03/2022 13:11:45
[-88, -83, -60, -83, -49],03/03/2022 13:11:49
[-89, -83, -66, -82, -48],03/03/2022 13:11:53
[-89, -84, -62, -84, -48],03/03/2022 13:11:58
[-89, -83, -66, -83, -49],03/03/2022 13:12:02
[-90, -100, -66, -83, -57],03/03/2022 13:12:06
[-100, -81, -63, -83, -49],03/03/2022 13:12:10
[-90, -84, -69, -83, -57],03/03/2022 13:12:14
[-100, -82, -63, -83, -58],03/03/2022 13:12:18
[-92, -82, -69, -83, -50],03/03/2022 13:12:23
[-90, -83, -61, -84, -48],03/03/2022 13:12:27
[-100, -82, -66, -81, -50],03/03/2022 13:12:31
[-100, -83, -63, -83, -49],03/03/2022 13:12:35
[-88, -83, -66, -85, -49],03/03/2022 13:12:39
[-88, -83, -66, -88, -58],03/03/2022 13:12:44
[-100, -83, -66, -82, -57],03/03/2022 13:12:48
[-88, -83, -70, -84, -57],03/03/2022 13:12:52
[-100, -81, -70, -83, -58],03/03/2022 13:12:56
[-87, -83, -69, -84, -48],03/03/2022 13:13:00
[-100, -100, -64, -83, -50],03/03/2022 13:13:04
[-100, -83, -69, -82, -50],03/03/2022 13:13:09
[-100, -83, -66, -83, -49],03/03/2022 13:13:13
[-90, -100, -70, -82, -58],03/03/2022 13:13:17
[-88, -83, -69, -84, -50],03/03/2022 13:13:21
[-100, -100, -70, -83, -50],03/03/2022 13:13:25
[-86, -83, -66, -82, -49],03/03/2022 13:13:29
[-87, -83, -65, -82, -50],03/03/2022 13:13:34
[-100, -83, -65, -84, -49],03/03/2022 13:13:38
[-100, -82, -65, -82, -48],03/03/2022 13:13:42
[-100, -100, -65, -84, -48],03/03/2022 13:13:46
[-87, -100, -70, -84, -48],03/03/2022 13:13:50
[-100, -81, -70, -85, -48],03/03/2022 13:13:54
[-87, -85, -69, -83, -50],03/03/2022 13:13:58
[-90, -81, -63, -84, -50],03/03/2022 13:14:03
[-89, -82, -66, -85, -58],03/03/2022 13:14:07
[-88, -84, -69, -82, -48],03/03/2022 13:14:11
[-100, -100, -69, -83, -58],03/03/2022 13:14:15
[-90, -84, -70, -83, -50],03/03/2022 13:14:19
[-100, -100, -69, -82, -49],03/03/2022 13:14:24
[-89, -82, -64, -83, -50],03/03/2022 13:14:28
[-90, -83, -63, -100, -48],03/03/2022 13:14:32
[-100, -84, -63, -82, -50],03/03/2022 13:14:36
[-89, -82, -64, -84, -57],03/03/2022 13:14:40
[-100, -84, -65, -82, -58],03/03/2022 13:14:44
[-90, -82, -70, -82, -48],03/03/2022 13:14:49
[-100, -82, -65, -84, -48],03/03/2022 13:14:53
[-89, -82, -69, -84, -48],03/03/2022 13:14:57
[-89, -82, -69, -84, -49],03/03/2022 13:15:01
[-90, -82, -66, -85, -58],03/03/2022 13:15:05
[-89, -85, -66, -84, -58],03/03/2022 13:15:09
[-100, -83, -66, -83, -58],03/03/2022 13:15:14
[-88, -88, -66, -85, -50],03/03/2022 13:15:18
[-88, -83, -65, -84, -48],03/03/2022 13:15:22
[-100, -100, -62, -81, -50],03/03/2022 13:15:26
[-100, -100, -70, -84, -50],03/03/2022 13:15:32
[-100, -83, -70, -81, -50],03/03/2022 13:15:35
[-89, -82, -66, -84, -48],03/03/2022 13:15:40
[-91, -83, -70, -83, -58],03/03/2022 13:15:44
[-87, -82, -70, -83, -48],03/03/2022 13:15:48
[-90, -82, -69, -85, -48],03/03/2022 13:15:52
[-100, -81, -66, -84, -48],03/03/2022 13:15:56
[-87, -100, -70, -84, -50],03/03/2022 13:16:01
[-100, -81, -64, -83, -58],03/03/2022 13:16:05
[-92, -82, -63, -83, -50],03/03/2022 13:16:09
[-89, -83, -65, -84, -57],03/03/2022 13:16:13
[-88, -81, -63, -83, -48],03/03/2022 13:16:17
[-89, -82, -66, -84, -49],03/03/2022 13:16:21
[-89, -83, -69, -82, -48],03/03/2022 13:16:25
[-100, -82, -64, -83, -49],03/03/2022 13:16:30
[-88, -83, -70, -84, -48],03/03/2022 13:16:34
[-87, -100, -68, -83, -58],03/03/2022 13:16:38
[-100, -100, -69, -83, -58],03/03/2022 13:16:42
[-100, -83, -68, -84, -58],03/03/2022 13:16:46
[-88, -82, -66, -83, -58],03/03/2022 13:16:50
[-90, -81, -65, -82, -48],03/03/2022 13:16:55
[-88, -100, -66, -82, -50],03/03/2022 13:16:59
[-89, -83, -70, -81, -50],03/03/2022 13:17:03
[-100, -82, -61, -84, -57],03/03/2022 13:17:07
[-91, -83, -63, -82, -50],03/03/2022 13:17:11
[-90, -100, -64, -83, -48],03/03/2022 13:17:15
[-90, -100, -66, -88, -48],03/03/2022 13:17:20
[-88, -82, -68, -84, -47],03/03/2022 13:17:24
[-89, -83, -67, -84, -48],03/03/2022 13:17:28
[-88, -83, -69, -82, -48],03/03/2022 13:17:32
[-100, -100, -69, -82, -49],03/03/2022 13:17:36
[-90, -100, -69, -81, -57],03/03/2022 13:17:40
[-89, -82, -65, -84, -58],03/03/2022 13:17:45
[-90, -100, -70, -83, -57],03/03/2022 13:17:49
[-100, -83, -66, -81, -57],03/03/2022 13:17:53
[-88, -100, -66, -100, -49],03/03/2022 13:17:57
[-100, -83, -64, -82, -50],03/03/2022 13:18:01
[-100, -82, -60, -100, -50],03/03/2022 13:18:05
[-88, -100, -63, -83, -49],03/03/2022 13:18:09
[-90, -100, -62, -100, -48],03/03/2022 13:18:13
[-88, -83, -63, -100, -58],03/03/2022 13:18:17
[-100, -83, -66, -84, -49],03/03/2022 13:18:22
[-100, -83, -69, -86, -49],03/03/2022 13:18:26
[-100, -83, -68, -85, -48],03/03/2022 13:18:30
[-88, -83, -69, -83, -58],03/03/2022 13:18:35
[-87, -83, -68, -82, -57],03/03/2022 13:18:38
[-100, -81, -63, -83, -57],03/03/2022 13:18:42
[-100, -83, -64, -82, -58],03/03/2022 13:18:46
[-89, -83, -62, -87, -58],03/03/2022 13:18:51
[-100, -83, -63, -83, -48],03/03/2022 13:18:55
[-100, -100, -70, -84, -49],03/03/2022 13:18:59
[-100, -82, -67, -84, -50],03/03/2022 13:19:03
[-100, -82, -66, -82, -58],03/03/2022 13:19:07
[-89, -81, -69, -83, -48],03/03/2022 13:19:11
[-87, -100, -69, -83, -57],03/03/2022 13:19:16
[-87, -82, -61, -82, -48],03/03/2022 13:19:20
[-89, -100, -61, -82, -49],03/03/2022 13:19:24
[-88, -83, -64, -81, -48],03/03/2022 13:19:28
[-89, -100, -66, -84, -49],03/03/2022 13:19:32
[-88, -82, -67, -84, -57],03/03/2022 13:19:37
[-88, -82, -63, -84, -57],03/03/2022 13:19:41
[-100, -82, -68, -83, -57],03/03/2022 13:19:45
[-100, -82, -64, -81, -48],03/03/2022 13:19:49
[-90, -100, -69, -81, -48],03/03/2022 13:19:53
[-100, -82, -67, -81, -47],03/03/2022 13:19:57
[-100, -82, -64, -82, -48],03/03/2022 13:20:01
[-87, -83, -66, -81, -50],03/03/2022 13:20:06
[-87, -85, -65, -82, -58],03/03/2022 13:20:10
[-88, -82, -66, -86, -48],03/03/2022 13:20:14
[-100, -83, -63, -83, -49],03/03/2022 13:20:18
[-88, -83, -63, -83, -58],03/03/2022 13:20:22
[-100, -82, -63, -83, -49],03/03/2022 13:20:26
[-87, -83, -64, -81, -50],03/03/2022 13:20:31
[-100, -100, -64, -83, -50],03/03/2022 13:20:35
[-90, -100, -70, -83, -50],03/03/2022 13:20:39
[-89, -100, -70, -82, -50],03/03/2022 13:20:43
[-89, -82, -69, -83, -50],03/03/2022 13:20:47
[-88, -84, -69, -83, -48],03/03/2022 13:20:51
[-86, -83, -63, -82, -48],03/03/2022 13:20:56
[-100, -100, -66, -84, -48],03/03/2022 13:21:00
[-90, -82, -61, -80, -48],03/03/2022 13:21:04
[-94, -100, -67, -83, -58],03/03/2022 13:21:08
[-87, -85, -65, -83, -58],03/03/2022 13:21:12
[-100, -82, -68, -84, -57],03/03/2022 13:21:16
[-88, -82, -69, -81, -57],03/03/2022 13:21:20
[-86, -83, -61, -83, -57],03/03/2022 13:21:25
[-88, -83, -69, -81, -48],03/03/2022 13:21:29
[-90, -82, -64, -82, -50],03/03/2022 13:21:33
[-100, -100, -65, -82, -51],03/03/2022 13:21:37
[-100, -82, -65, -84, -58],03/03/2022 13:21:41
[-89, -100, -70, -84, -50],03/03/2022 13:21:46
[-100, -82, -69, -84, -48],03/03/2022 13:21:50
[-88, -83, -63, -80, -49],03/03/2022 13:21:54
[-100, -100, -66, -83, -49],03/03/2022 13:21:58
[-100, -90, -65, -89, -50],03/03/2022 13:22:02
[-89, -82, -65, -85, -48],03/03/2022 13:22:06
[-89, -89, -65, -83, -48],03/03/2022 13:22:11
[-91, -83, -63, -84, -48],03/03/2022 13:22:15
[-100, -89, -62, -83, -48],03/03/2022 13:22:19
[-100, -88, -60, -83, -49],03/03/2022 13:22:23
[-88, -86, -66, -80, -50],03/03/2022 13:22:27
[-88, -84, -66, -83, -58],03/03/2022 13:22:31
[-88, -100, -71, -88, -58],03/03/2022 13:22:36
[-100, -100, -64, -81, -58],03/03/2022 13:22:40
[-100, -83, -63, -82, -58],03/03/2022 13:22:44
[-88, -83, -69, -82, -50],03/03/2022 13:22:48
[-89, -82, -66, -80, -57],03/03/2022 13:22:52
[-100, -83, -65, -82, -50],03/03/2022 13:22:56
[-100, -83, -66, -83, -50],03/03/2022 13:23:01
[-100, -83, -66, -81, -48],03/03/2022 13:23:05
[-89, -82, -65, -81, -48],03/03/2022 13:23:09
[-90, -84, -64, -81, -48],03/03/2022 13:23:13
[-100, -82, -70, -82, -48],03/03/2022 13:23:17
[-100, -100, -62, -86, -49],03/03/2022 13:23:21
[-100, -100, -62, -82, -57],03/03/2022 13:23:26
[-91, -100, -65, -82, -58],03/03/2022 13:23:30
[-92, -83, -65, -83, -50],03/03/2022 13:23:34
[-89, -82, -66, -82, -57],03/03/2022 13:23:38
[-100, -81, -65, -81, -50],03/03/2022 13:23:42
[-100, -100, -65, -81, -48],03/03/2022 13:23:46
[-100, -81, -61, -81, -48],03/03/2022 13:23:51
[-89, -83, -65, -81, -48],03/03/2022 13:23:55
[-89, -83, -63, -90, -48],03/03/2022 13:23:59
[-100, -84, -64, -83, -49],03/03/2022 13:24:03
[-92, -82, -65, -83, -58],03/03/2022 13:24:07
[-93, -82, -70, -82, -48],03/03/2022 13:24:11
[-100, -82, -71, -82, -48],03/03/2022 13:24:16
[-100, -81, -70, -82, -48],03/03/2022 13:24:20
[-88, -82, -70, -81, -50],03/03/2022 13:24:24
[-100, -100, -64, -83, -50],03/03/2022 13:24:28
[-100, -82, -70, -87, -57],03/03/2022 13:24:32
[-89, -83, -66, -90, -58],03/03/2022 13:24:36
[-100, -86, -65, -81, -50],03/03/2022 13:24:41
[-88, -82, -65, -82, -49],03/03/2022 13:24:45
[-100, -81, -71, -82, -48],03/03/2022 13:24:49
[-100, -100, -70, -82, -48],03/03/2022 13:24:53
[-91, -82, -70, -83, -50],03/03/2022 13:24:57
[-100, -83, -70, -91, -48],03/03/2022 13:25:02
[-89, -100, -64, -82, -58],03/03/2022 13:25:06
[-100, -83, -66, -90, -48],03/03/2022 13:25:10
[-100, -82, -65, -82, -48],03/03/2022 13:25:14
[-100, -83, -63, -81, -48],03/03/2022 13:25:18
[-88, -100, -69, -82, -50],03/03/2022 13:25:22
[-88, -83, -69, -82, -57],03/03/2022 13:25:27
[-87, -82, -64, -90, -50],03/03/2022 13:25:31
[-100, -83, -64, -79, -58],03/03/2022 13:25:35
[-88, -100, -64, -89, -50],03/03/2022 13:25:39
[-87, -90, -63, -81, -48],03/03/2022 13:25:43
[-100, -81, -65, -80, -50],03/03/2022 13:25:48
[-89, -83, -66, -82, -50],03/03/2022 13:25:52
[-100, -100, -71, -81, -50],03/03/2022 13:25:56
[-87, -84, -71, -91, -48],03/03/2022 13:26:00
[-100, -100, -64, -83, -49],03/03/2022 13:26:04
[-88, -81, -66, -87, -48],03/03/2022 13:26:08
[-87, -83, -66, -81, -48],03/03/2022 13:26:12
[-91, -83, -65, -86, -48],03/03/2022 13:26:17
[-100, -100, -66, -82, -50],03/03/2022 13:26:21
[-93, -84, -65, -82, -49],03/03/2022 13:26:25
[-89, -86, -71, -82, -49],03/03/2022 13:26:29
[-90, -83, -70, -82, -58],03/03/2022 13:26:33
[-100, -100, -71, -89, -58],03/03/2022 13:26:37
[-100, -82, -70, -81, -48],03/03/2022 13:26:42
[-88, -83, -65, -83, -50],03/03/2022 13:26:46
[-90, -82, -66, -88, -48],03/03/2022 13:26:50
[-88, -83, -67, -88, -50],03/03/2022 13:26:54
[-100, -82, -70, -100, -48],03/03/2022 13:26:58
[-90, -83, -66, -85, -57],03/03/2022 13:27:02
[-100, -83, -70, -89, -48],03/03/2022 13:27:07
[-90, -83, -69, -80, -48],03/03/2022 13:27:11
[-89, -82, -70, -81, -48],03/03/2022 13:27:15
[-88, -100, -70, -83, -50],03/03/2022 13:27:19
[-88, -100, -70, -81, -58],03/03/2022 13:27:23
[-89, -83, -66, -80, -48],03/03/2022 13:27:27
[-86, -82, -65, -82, -58],03/03/2022 13:27:32
[-89, -82, -66, -81, -57],03/03/2022 13:27:36
[-89, -85, -70, -81, -49],03/03/2022 13:27:40
[-88, -82, -64, -81, -50],03/03/2022 13:27:44
[-88, -100, -65, -82, -50],03/03/2022 13:27:48
[-100, -81, -66, -81, -50],03/03/2022 13:27:52
[-100, -83, -64, -81, -48],03/03/2022 13:27:57
[-90, -82, -66, -90, -48],03/03/2022 13:28:01
[-100, -83, -71, -82, -47],03/03/2022 13:28:05
[-91, -84, -70, -88, -48],03/03/2022 13:28:09
[-88, -91, -70, -82, -49],03/03/2022 13:28:13
[-89, -88, -71, -81, -49],03/03/2022 13:28:18
[-100, -83, -63, -81, -58],03/03/2022 13:28:22
[-100, -100, -69, -83, -57],03/03/2022 13:28:26
[-100, -83, -65, -83, -57],03/03/2022 13:28:33
[-87, -100, -67, -82, -48],03/03/2022 13:28:37
[-100, -83, -70, -83, -50],03/03/2022 13:28:41
[-100, -100, -64, -88, -50],03/03/2022 13:28:45
[-88, -100, -62, -81, -50],03/03/2022 13:28:49
[-90, -83, -65, -82, -57],03/03/2022 13:28:53
[-100, -82, -66, -80, -48],03/03/2022 13:28:57
[-100, -100, -70, -82, -48],03/03/2022 13:29:01
[-88, -83, -70, -82, -48],03/03/2022 13:29:06
[-88, -83, -71, -88, -48],03/03/2022 13:29:10
[-90, -100, -70, -81, -50],03/03/2022 13:29:14
[-88, -85, -65, -88, -49],03/03/2022 13:29:18
[-87, -82, -62, -80, -58],03/03/2022 13:29:22
[-88, -82, -65, -80, -48],03/03/2022 13:29:26
[-88, -83, -63, -84, -48],03/03/2022 13:29:31
[-92, -83, -66, -82, -48],03/03/2022 13:29:35
[-100, -89, -71, -100, -50],03/03/2022 13:29:39
[-100, -81, -65, -81, -50],03/03/2022 13:29:43
[-90, -82, -71, -81, -50],03/03/2022 13:29:48
[-90, -100, -71, -81, -57],03/03/2022 13:29:52
[-100, -100, -64, -82, -50],03/03/2022 13:29:56
[-100, -100, -66, -88, -48],03/03/2022 13:30:00
[-100, -85, -66, -100, -49],03/03/2022 13:30:04
[-100, -100, -66, -83, -49],03/03/2022 13:30:08
[-100, -100, -72, -82, -49],03/03/2022 13:30:12
[-91, -84, -66, -88, -49],03/03/2022 13:30:16
[-88, -83, -64, -88, -58],03/03/2022 13:30:21
[-100, -83, -64, -83, -49],03/03/2022 13:30:25
[-91, -100, -63, -87, -49],03/03/2022 13:30:29
[-100, -83, -64, -80, -48],03/03/2022 13:30:33
[-89, -84, -71, -81, -50],03/03/2022 13:30:37
[-100, -83, -70, -82, -49],03/03/2022 13:30:41
[-89, -83, -70, -93, -50],03/03/2022 13:30:46
[-100, -84, -70, -83, -58],03/03/2022 13:30:50
[-86, -100, -70, -80, -50],03/03/2022 13:30:54
[-89, -85, -64, -83, -48],03/03/2022 13:30:58
[-100, -82, -66, -81, -58],03/03/2022 13:31:02
[-89, -83, -67, -82, -48],03/03/2022 13:31:06
[-89, -83, -66, -82, -47],03/03/2022 13:31:11
[-100, -84, -66, -83, -56],03/03/2022 13:31:15
[-88, -82, -64, -82, -58],03/03/2022 13:31:19
[-86, -82, -63, -88, -48],03/03/2022 13:31:23
[-86, -82, -63, -88, -48],03/03/2022 13:31:27
[-87, -82, -66, -81, -48],03/03/2022 13:31:31
[-86, -84, -67, -82, -50],03/03/2022 13:31:36
[-86, -81, -69, -82, -50],03/03/2022 13:31:40
[-88, -100, -71, -82, -50],03/03/2022 13:31:44
[-86, -82, -70, -81, -57],03/03/2022 13:31:48
[-87, -82, -64, -81, -48],03/03/2022 13:31:52
[-100, -83, -66, -90, -48],03/03/2022 13:31:56
[-89, -83, -65, -82, -50],03/03/2022 13:32:01
[-87, -82, -66, -91, -49],03/03/2022 13:32:05
[-100, -83, -66, -82, -50],03/03/2022 13:32:09
[-89, -83, -65, -82, -48],03/03/2022 13:32:13
[-100, -83, -70, -81, -48],03/03/2022 13:32:18
[-87, -100, -71, -81, -48],03/03/2022 13:32:21
[-89, -82, -70, -80, -48],03/03/2022 13:32:26
[-89, -83, -71, -81, -49],03/03/2022 13:32:30
[-100, -82, -65, -81, -50],03/03/2022 13:32:34
[-100, -100, -65, -82, -59],03/03/2022 13:32:38
[-88, -100, -66, -82, -48],03/03/2022 13:32:42
[-89, -82, -70, -82, -58],03/03/2022 13:32:46
[-100, -83, -67, -88, -50],03/03/2022 13:32:51
[-87, -81, -64, -91, -50],03/03/2022 13:32:55
[-100, -100, -66, -82, -50],03/03/2022 13:32:59
[-86, -82, -65, -81, -49],03/03/2022 13:33:03
[-87, -82, -66, -82, -50],03/03/2022 13:33:07
[-100, -82, -66, -82, -48],03/03/2022 13:33:11
[-100, -82, -64, -83, -49],03/03/2022 13:33:16
[-100, -83, -71, -84, -48],03/03/2022 13:33:20
[-86, -83, -70, -83, -48],03/03/2022 13:33:24
[-89, -84, -71, -81, -48],03/03/2022 13:33:28
[-87, -83, -64, -81, -49],03/03/2022 13:33:32
[-100, -84, -66, -82, -50],03/03/2022 13:33:36
[-85, -83, -64, -86, -49],03/03/2022 13:33:41
[-89, -83, -66, -81, -59],03/03/2022 13:33:45
[-87, -100, -64, -82, -48],03/03/2022 13:33:49
[-100, -84, -71, -82, -48],03/03/2022 13:33:53
[-87, -85, -72, -83, -48],03/03/2022 13:33:57
[-100, -82, -70, -84, -48],03/03/2022 13:34:01
[-100, -82, -70, -83, -50],03/03/2022 13:34:06
[-100, -85, -64, -82, -57],03/03/2022 13:34:10
[-85, -85, -71, -82, -58],03/03/2022 13:34:14
[-100, -82, -66, -83, -48],03/03/2022 13:34:18
[-85, -83, -67, -100, -58],03/03/2022 13:34:22
[-86, -83, -70, -82, -48],03/03/2022 13:34:27
[-100, -82, -64, -82, -50],03/03/2022 13:34:31
[-100, -82, -71, -83, -58],03/03/2022 13:34:35
[-89, -84, -65, -82, -50],03/03/2022 13:34:39
[-88, -82, -72, -82, -57],03/03/2022 13:34:43
[-100, -100, -64, -81, -48],03/03/2022 13:34:47
[-100, -82, -66, -81, -48],03/03/2022 13:34:51
[-88, -82, -67, -90, -48],03/03/2022 13:34:56
[-90, -85, -66, -88, -48],03/03/2022 13:35:00
[-88, -82, -66, -82, -48],03/03/2022 13:35:04
[-100, -87, -70, -82, -50],03/03/2022 13:35:08
[-87, -100, -64, -82, -58],03/03/2022 13:35:12
[-91, -82, -71, -100, -58],03/03/2022 13:35:16
[-88, -100, -70, -88, -58],03/03/2022 13:35:20
[-100, -83, -64, -81, -50],03/03/2022 13:35:25
[-100, -83, -70, -82, -48],03/03/2022 13:35:29
[-87, -85, -66, -82, -50],03/03/2022 13:35:33
[-90, -82, -70, -82, -50],03/03/2022 13:35:37
[-100, -84, -70, -82, -49],03/03/2022 13:35:41
[-89, -82, -70, -81, -48],03/03/2022 13:35:45
[-89, -83, -66, -81, -57],03/03/2022 13:35:50
[-89, -82, -64, -82, -48],03/03/2022 13:35:54
[-88, -89, -66, -81, -47],03/03/2022 13:35:58
[-100, -84, -63, -82, -48],03/03/2022 13:36:02
[-87, -89, -65, -81, -50],03/03/2022 13:36:06
[-88, -83, -70, -82, -48],03/03/2022 13:36:11
[-100, -83, -64, -81, -57],03/03/2022 13:36:15
[-100, -100, -64, -82, -58],03/03/2022 13:36:19
[-86, -84, -63, -100, -56],03/03/2022 13:36:23
[-89, -82, -68, -82, -49],03/03/2022 13:36:27
[-100, -85, -69, -83, -49],03/03/2022 13:36:31
[-89, -84, -70, -81, -50],03/03/2022 13:36:36
[-87, -100, -70, -81, -50],03/03/2022 13:36:40
[-87, -82, -70, -82, -48],03/03/2022 13:36:44
[-100, -84, -66, -81, -57],03/03/2022 13:36:48
[-100, -100, -63, -88, -48],03/03/2022 13:36:52
[-89, -83, -65, -90, -48],03/03/2022 13:36:56
[-100, -100, -66, -85, -48],03/03/2022 13:37:01
[-100, -85, -66, -79, -50],03/03/2022 13:37:05
[-100, -100, -65, -83, -57],03/03/2022 13:37:09
[-88, -83, -70, -82, -49],03/03/2022 13:37:13
[-100, -83, -64, -82, -57],03/03/2022 13:37:17
[-100, -83, -63, -84, -58],03/03/2022 13:37:21
[-87, -83, -65, -81, -48],03/03/2022 13:37:26
[-90, -83, -66, -88, -50],03/03/2022 13:37:30
[-100, -84, -70, -87, -50],03/03/2022 13:37:34
[-90, -81, -65, -81, -50],03/03/2022 13:37:38
[-100, -100, -70, -82, -48],03/03/2022 13:37:42
[-89, -85, -64, -81, -48],03/03/2022 13:37:46
[-100, -84, -64, -83, -48],03/03/2022 13:37:51
[-89, -82, -64, -82, -48],03/03/2022 13:37:55
[-90, -82, -64, -82, -48],03/03/2022 13:37:59
[-91, -100, -64, -86, -50],03/03/2022 13:38:03
[-100, -100, -66, -87, -57],03/03/2022 13:38:07
[-89, -84, -70, -81, -58],03/03/2022 13:38:11
[-89, -83, -70, -81, -58],03/03/2022 13:38:16
[-92, -83, -71, -83, -50],03/03/2022 13:38:20
[-90, -83, -66, -82, -48],03/03/2022 13:38:24
[-100, -83, -64, -82, -49],03/03/2022 13:38:28
[-87, -84, -64, -89, -49],03/03/2022 13:38:32
[-100, -100, -66, -82, -50],03/03/2022 13:38:36
[-100, -82, -65, -81, -48],03/03/2022 13:38:41
[-100, -83, -64, -80, -48],03/03/2022 13:38:45
[-92, -100, -62, -80, -48],03/03/2022 13:38:49
[-100, -100, -70, -81, -49],03/03/2022 13:38:53
[-89, -83, -64, -81, -48],03/03/2022 13:38:57
[-89, -82, -70, -92, -58],03/03/2022 13:39:01
[-87, -82, -66, -90, -57],03/03/2022 13:39:06
[-89, -82, -65, -86, -57],03/03/2022 13:39:10
[-100, -100, -70, -81, -58],03/03/2022 13:39:14
[-100, -100, -65, -81, -58],03/03/2022 13:39:18
[-88, -83, -71, -82, -48],03/03/2022 13:39:22
[-86, -83, -71, -81, -50],03/03/2022 13:39:26
[-86, -83, -71, -82, -48],03/03/2022 13:39:31
[-89, -83, -70, -83, -50],03/03/2022 13:39:35
[-100, -100, -64, -87, -57],03/03/2022 13:39:39
[-86, -84, -66, -80, -58],03/03/2022 13:39:43
[-89, -83, -66, -81, -48],03/03/2022 13:39:47
[-100, -84, -66, -82, -58],03/03/2022 13:39:51
[-87, -82, -71, -81, -48],03/03/2022 13:39:55
[-100, -83, -66, -81, -49],03/03/2022 13:40:00
[-100, -84, -64, -82, -50],03/03/2022 13:40:04
[-87, -83, -64, -81, -50],03/03/2022 13:40:08
[-100, -82, -64, -82, -50],03/03/2022 13:40:12
[-100, -100, -64, -81, -50],03/03/2022 13:40:16
[-88, -83, -71, -83, -48],03/03/2022 13:40:21
[-86, -82, -71, -81, -48],03/03/2022 13:40:25
[-89, -83, -66, -82, -48],03/03/2022 13:40:29
[-100, -82, -71, -83, -50],03/03/2022 13:40:33
[-89, -100, -71, -89, -58],03/03/2022 13:40:37
[-100, -82, -66, -82, -58],03/03/2022 13:40:42
[-100, -100, -66, -82, -47],03/03/2022 13:40:46
[-88, -82, -66, -82, -58],03/03/2022 13:40:50
[-89, -100, -65, -87, -48],03/03/2022 13:40:54