
[-70, -72, -100, -87, -100],14/02/2022 13:15:57
[-71, -73, -100, -100, -100],14/02/2022 13:16:01
[-71, -72, -100, -85, -100],14/02/2022 13:16:05
[-100, -73, -100, -88, -100],14/02/2022 13:16:09
[-73, -70, -100, -75, -100],14/02/2022 13:16:13
[-79, -75, -100, -87, -100],14/02/2022 13:16:17
[-72, -73, -100, -87, -100],14/02/2022 13:16:21
[-81, -73, -100, -76, -100],14/02/2022 13:16:25
[-80, -75, -100, -76, -100],14/02/2022 13:16:30
[-72, -72, -100, -75, -100],14/02/2022 13:16:34
[-82, -71, -100, -90, -100],14/02/2022 13:16:38
[-79, -71, -100, -88, -100],14/02/2022 13:16:42
[-80, -75, -100, -89, -100],14/02/2022 13:16:46
[-71, -76, -88, -76, -100],14/02/2022 13:16:51
[-100, -100, -100, -89, -100],14/02/2022 13:16:55
[-72, -74, -100, -76, -100],14/02/2022 13:16:59
[-81, -74, -100, -100, -100],14/02/2022 13:17:03
[-70, -69, -100, -85, -94],14/02/2022 13:17:07
[-83, -73, -100, -76, -100],14/02/2022 13:17:11
[-71, -71, -100, -88, -100],14/02/2022 13:17:15
[-79, -75, -100, -88, -100],14/02/2022 13:17:19
[-100, -73, -100, -88, -100],14/02/2022 13:17:24
[-71, -73, -100, -86, -100],14/02/2022 13:17:28
[-71, -72, -100, -89, -100],14/02/2022 13:17:32
[-71, -73, -100, -91, -100],14/02/2022 13:17:36
[-82, -100, -89, -89, -100],14/02/2022 13:17:40
[-81, -76, -100, -88, -100],14/02/2022 13:17:44
[-72, -100, -100, -87, -100],14/02/2022 13:17:49
[-71, -71, -87, -88, -100],14/02/2022 13:17:53
[-72, -75, -100, -89, -100],14/02/2022 13:17:57
[-72, -75, -100, -86, -100],14/02/2022 13:18:01
[-71, -74, -88, -86, -91],14/02/2022 13:18:05
[-70, -71, -90, -88, -100],14/02/2022 13:18:09
[-71, -75, -100, -75, -100],14/02/2022 13:18:14
[-71, -76, -100, -76, -100],14/02/2022 13:18:18
[-76, -75, -100, -75, -100],14/02/2022 13:18:22
[-76, -73, -100, -90, -100],14/02/2022 13:18:26
[-74, -76, -89, -87, -95],14/02/2022 13:18:30
[-76, -75, -88, -86, -100],14/02/2022 13:18:34
[-71, -74, -100, -75, -100],14/02/2022 13:18:39
[-75, -74, -88, -87, -100],14/02/2022 13:18:43
[-70, -75, -100, -89, -100],14/02/2022 13:18:47
[-100, -75, -100, -89, -94],14/02/2022 13:18:51
[-70, -75, -100, -90, -100],14/02/2022 13:18:55
[-77, -100, -100, -89, -95],14/02/2022 13:19:00
[-70, -73, -100, -76, -100],14/02/2022 13:19:03
[-75, -71, -91, -90, -100],14/02/2022 13:19:08
[-75, -74, -87, -90, -100],14/02/2022 13:19:12
[-70, -72, -88, -89, -93],14/02/2022 13:19:16
[-75, -74, -100, -76, -100],14/02/2022 13:19:20
[-70, -74, -90, -91, -100],14/02/2022 13:19:24
[-71, -74, -100, -88, -100],14/02/2022 13:19:28
[-71, -74, -100, -89, -100],14/02/2022 13:19:33
[-71, -75, -100, -88, -100],14/02/2022 13:19:37
[-72, -72, -100, -89, -100],14/02/2022 13:19:41
[-71, -100, -100, -76, -100],14/02/2022 13:19:45
[-73, -74, -100, -75, -100],14/02/2022 13:19:49
[-72, -72, -100, -89, -96],14/02/2022 13:19:53
[-72, -74, -88, -89, -100],14/02/2022 13:19:58
[-71, -75, -92, -89, -100],14/02/2022 13:20:02
[-71, -74, -100, -90, -100],14/02/2022 13:20:06
[-72, -75, -89, -89, -100],14/02/2022 13:20:10
[-72, -77, -89, -88, -100],14/02/2022 13:20:14
[-72, -71, -90, -86, -100],14/02/2022 13:20:18
[-72, -74, -92, -76, -100],14/02/2022 13:20:23
[-74, -72, -100, -89, -100],14/02/2022 13:20:27
[-73, -71, -100, -75, -100],14/02/2022 13:20:31
[-71, -72, -100, -75, -100],14/02/2022 13:20:35
[-71, -72, -100, -88, -100],14/02/2022 13:20:39
[-69, -74, -90, -91, -100],14/02/2022 13:20:43
[-75, -75, -100, -87, -100],14/02/2022 13:20:47
[-74, -74, -88, -76, -100],14/02/2022 13:20:52
[-70, -72, -88, -90, -100],14/02/2022 13:20:56
[-70, -76, -100, -88, -100],14/02/2022 13:21:00
[-72, -75, -100, -91, -100],14/02/2022 13:21:04
[-70, -74, -100, -89, -100],14/02/2022 13:21:09
[-71, -71, -100, -100, -100],14/02/2022 13:21:12
[-66, -75, -100, -75, -100],14/02/2022 13:21:16
[-100, -73, -100, -74, -100],14/02/2022 13:21:21
[-72, -73, -100, -84, -100],14/02/2022 13:21:25
[-100, -73, -100, -89, -100],14/02/2022 13:21:29
[-77, -73, -100, -86, -100],14/02/2022 13:21:33
[-72, -73, -90, -85, -100],14/02/2022 13:21:37
[-75, -71, -100, -95, -100],14/02/2022 13:21:41
[-78, -73, -100, -75, -100],14/02/2022 13:21:46
[-71, -80, -100, -75, -100],14/02/2022 13:21:50
[-81, -72, -100, -89, -100],14/02/2022 13:21:54
[-74, -72, -90, -90, -100],14/02/2022 13:21:58
[-100, -75, -100, -86, -100],14/02/2022 13:22:02
[-75, -75, -100, -87, -100],14/02/2022 13:22:06
[-77, -73, -100, -86, -92],14/02/2022 13:22:11
[-75, -71, -100, -87, -100],14/02/2022 13:22:15
[-76, -74, -91, -86, -93],14/02/2022 13:22:19
[-72, -72, -100, -88, -100],14/02/2022 13:22:23
[-71, -79, -100, -87, -100],14/02/2022 13:22:27
[-72, -77, -100, -75, -100],14/02/2022 13:22:31
[-72, -75, -88, -89, -100],14/02/2022 13:22:37
[-71, -100, -100, -88, -100],14/02/2022 13:22:40
[-75, -100, -100, -85, -100],14/02/2022 13:22:44
[-71, -76, -100, -87, -100],14/02/2022 13:22:48
[-70, -71, -88, -75, -100],14/02/2022 13:22:52
[-69, -74, -100, -88, -100],14/02/2022 13:22:56
[-72, -74, -90, -88, -100],14/02/2022 13:23:00
[-76, -72, -100, -89, -100],14/02/2022 13:23:05
[-81, -71, -100, -75, -100],14/02/2022 13:23:09
[-79, -74, -95, -75, -100],14/02/2022 13:23:13
[-68, -75, -90, -86, -100],14/02/2022 13:23:17
[-75, -75, -100, -86, -100],14/02/2022 13:23:21
[-69, -72, -86, -87, -100],14/02/2022 13:23:25
[-81, -75, -100, -85, -100],14/02/2022 13:23:30
[-71, -72, -89, -87, -100],14/02/2022 13:23:34
[-77, -75, -100, -77, -100],14/02/2022 13:23:38
[-78, -69, -100, -87, -100],14/02/2022 13:23:42
[-72, -71, -100, -86, -100],14/02/2022 13:23:46
[-100, -80, -100, -76, -100],14/02/2022 13:23:50
[-71, -100, -86, -89, -100],14/02/2022 13:23:54
[-84, -76, -100, -87, -100],14/02/2022 13:23:59
[-71, -76, -100, -87, -100],14/02/2022 13:24:03
[-74, -74, -100, -92, -100],14/02/2022 13:24:07
[-71, -71, -89, -89, -100],14/02/2022 13:24:11
[-81, -77, -100, -75, -100],14/02/2022 13:24:15
[-81, -74, -100, -72, -100],14/02/2022 13:24:20
[-72, -72, -87, -77, -100],14/02/2022 13:24:24
[-73, -71, -86, -76, -100],14/02/2022 13:24:28
[-71, -73, -100, -76, -100],14/02/2022 13:24:32
[-72, -74, -88, -84, -100],14/02/2022 13:24:36
[-72, -73, -87, -81, -93],14/02/2022 13:24:40
[-71, -71, -86, -90, -100],14/02/2022 13:24:44
[-70, -73, -86, -86, -100],14/02/2022 13:24:49
[-71, -72, -100, -89, -100],14/02/2022 13:24:53
[-72, -73, -86, -75, -95],14/02/2022 13:24:57
[-74, -73, -88, -75, -100],14/02/2022 13:25:01
[-70, -73, -100, -81, -100],14/02/2022 13:25:05
[-77, -73, -100, -82, -100],14/02/2022 13:25:09
[-76, -71, -100, -89, -100],14/02/2022 13:25:14
[-72, -74, -100, -91, -100],14/02/2022 13:25:18
[-75, -74, -89, -74, -100],14/02/2022 13:25:22
[-74, -76, -90, -83, -100],14/02/2022 13:25:26
[-71, -73, -100, -76, -100],14/02/2022 13:25:30
[-72, -74, -100, -79, -100],14/02/2022 13:25:34
[-72, -73, -100, -88, -100],14/02/2022 13:25:39
[-71, -73, -100, -89, -100],14/02/2022 13:25:43
[-81, -73, -87, -88, -100],14/02/2022 13:25:47
[-70, -73, -100, -88, -100],14/02/2022 13:25:51
[-72, -100, -100, -74, -100],14/02/2022 13:25:55
[-69, -73, -100, -79, -100],14/02/2022 13:25:59
[-67, -71, -100, -76, -100],14/02/2022 13:26:03
[-71, -76, -89, -75, -100],14/02/2022 13:26:08
[-71, -72, -100, -86, -100],14/02/2022 13:26:12
[-67, -73, -100, -87, -100],14/02/2022 13:26:16
[-69, -75, -100, -89, -100],14/02/2022 13:26:20
[-78, -73, -100, -87, -100],14/02/2022 13:26:24
[-68, -73, -100, -86, -100],14/02/2022 13:26:29
[-68, -73, -100, -88, -100],14/02/2022 13:26:33
[-68, -73, -100, -88, -100],14/02/2022 13:26:37
[-68, -100, -100, -89, -100],14/02/2022 13:26:41
[-70, -75, -87, -85, -100],14/02/2022 13:26:45
[-81, -73, -100, -89, -100],14/02/2022 13:26:49
[-72, -72, -100, -89, -100],14/02/2022 13:26:54
[-72, -72, -89, -86, -100],14/02/2022 13:26:58
[-75, -74, -100, -85, -100],14/02/2022 13:27:02
[-70, -74, -90, -87, -100],14/02/2022 13:27:06
[-70, -77, -100, -75, -100],14/02/2022 13:27:10
[-73, -73, -100, -75, -100],14/02/2022 13:27:14
[-76, -73, -87, -86, -100],14/02/2022 13:27:19
[-71, -73, -100, -76, -100],14/02/2022 13:27:23
[-71, -72, -88, -75, -100],14/02/2022 13:27:27
[-76, -70, -89, -86, -100],14/02/2022 13:27:31
[-70, -72, -100, -87, -100],14/02/2022 13:27:35
[-72, -72, -100, -88, -100],14/02/2022 13:27:39
[-76, -70, -100, -75, -100],14/02/2022 13:27:43
[-73, -72, -100, -87, -100],14/02/2022 13:27:48
[-75, -72, -90, -88, -100],14/02/2022 13:27:52
[-70, -73, -88, -91, -100],14/02/2022 13:27:56
[-74, -74, -88, -75, -100],14/02/2022 13:28:00
[-72, -71, -100, -88, -100],14/02/2022 13:28:04
[-71, -70, -100, -85, -100],14/02/2022 13:28:08
[-78, -73, -100, -75, -100],14/02/2022 13:28:13
[-71, -74, -100, -87, -100],14/02/2022 13:28:17
[-70, -73, -100, -75, -100],14/02/2022 13:28:21
[-71, -73, -100, -86, -100],14/02/2022 13:28:25
[-71, -72, -92, -90, -100],14/02/2022 13:28:29
[-71, -74, -89, -87, -100],14/02/2022 13:28:33
[-73, -72, -100, -90, -100],14/02/2022 13:28:37
[-74, -71, -91, -86, -100],14/02/2022 13:28:42
[-73, -73, -100, -86, -100],14/02/2022 13:28:46
[-71, -73, -100, -86, -100],14/02/2022 13:28:50
[-77, -74, -100, -86, -100],14/02/2022 13:28:54
[-71, -73, -100, -87, -100],14/02/2022 13:28:58
[-76, -74, -100, -87, -100],14/02/2022 13:29:02
[-69, -70, -87, -87, -100],14/02/2022 13:29:07
[-70, -72, -92, -74, -100],14/02/2022 13:29:12
[-80, -73, -89, -87, -100],14/02/2022 13:29:16
[-70, -73, -100, -86, -100],14/02/2022 13:29:20
[-71, -100, -90, -86, -100],14/02/2022 13:29:25
[-72, -73, -87, -86, -100],14/02/2022 13:29:29
[-72, -72, -88, -86, -100],14/02/2022 13:29:33
[-71, -72, -86, -75, -100],14/02/2022 13:29:37
[-72, -72, -100, -100, -100],14/02/2022 13:29:41
[-71, -72, -88, -90, -100],14/02/2022 13:29:45
[-73, -72, -100, -86, -100],14/02/2022 13:29:50
[-68, -72, -86, -86, -100],14/02/2022 13:29:54
[-72, -71, -89, -88, -100],14/02/2022 13:29:58
[-72, -73, -88, -75, -100],14/02/2022 13:30:02
[-71, -73, -100, -88, -100],14/02/2022 13:30:06
[-71, -72, -90, -87, -100],14/02/2022 13:30:10
[-71, -72, -100, -85, -100],14/02/2022 13:30:14
[-71, -100, -100, -100, -100],14/02/2022 13:30:19
[-71, -72, -100, -88, -100],14/02/2022 13:30:23
[-75, -72, -89, -88, -100],14/02/2022 13:30:27
[-73, -72, -100, -88, -100],14/02/2022 13:30:31
[-70, -76, -100, -86, -100],14/02/2022 13:30:35
[-71, -73, -88, -86, -100],14/02/2022 13:30:40
[-72, -71, -100, -87, -100],14/02/2022 13:30:44
[-71, -74, -100, -87, -100],14/02/2022 13:30:48
[-70, -72, -90, -88, -100],14/02/2022 13:30:52
[-72, -76, -100, -75, -100],14/02/2022 13:30:56
[-72, -76, -100, -75, -100],14/02/2022 13:31:00
[-70, -75, -100, -86, -100],14/02/2022 13:31:04
[-69, -73, -100, -87, -100],14/02/2022 13:31:09
[-72, -75, -100, -87, -100],14/02/2022 13:31:13
[-72, -73, -88, -75, -100],14/02/2022 13:31:17
[-73, -100, -88, -89, -100],14/02/2022 13:31:21
[-70, -73, -88, -86, -100],14/02/2022 13:31:25
[-72, -76, -88, -76, -100],14/02/2022 13:31:29
[-73, -74, -100, -88, -100],14/02/2022 13:31:34
[-71, -74, -100, -88, -100],14/02/2022 13:31:38
[-69, -73, -87, -75, -100],14/02/2022 13:31:42
[-70, -73, -88, -87, -100],14/02/2022 13:31:46
[-72, -74, -100, -86, -100],14/02/2022 13:31:50
[-70, -74, -88, -89, -100],14/02/2022 13:31:54
[-69, -74, -100, -85, -100],14/02/2022 13:31:59
[-69, -71, -87, -89, -100],14/02/2022 13:32:03
[-70, -74, -86, -76, -100],14/02/2022 13:32:07
[-68, -71, -100, -87, -96],14/02/2022 13:32:11
[-70, -74, -90, -75, -100],14/02/2022 13:32:15
[-71, -74, -90, -75, -100],14/02/2022 13:32:20
[-72, -73, -100, -88, -100],14/02/2022 13:32:24
[-71, -72, -100, -75, -100],14/02/2022 13:32:28
[-71, -72, -100, -88, -100],14/02/2022 13:32:32
[-71, -76, -100, -89, -100],14/02/2022 13:32:36
[-69, -74, -88, -94, -100],14/02/2022 13:32:40
[-68, -74, -100, -74, -100],14/02/2022 13:32:44
[-69, -73, -100, -75, -100],14/02/2022 13:32:48
[-100, -76, -100, -76, -100],14/02/2022 13:32:52
[-100, -72, -100, -75, -100],14/02/2022 13:32:57
[-74, -70, -100, -89, -100],14/02/2022 13:33:01
[-71, -72, -100, -75, -100],14/02/2022 13:33:05
[-73, -70, -100, -89, -100],14/02/2022 13:33:09
[-69, -71, -89, -87, -100],14/02/2022 13:33:13
[-68, -74, -100, -88, -100],14/02/2022 13:33:17
[-74, -73, -92, -89, -100],14/02/2022 13:33:21
[-75, -74, -100, -87, -100],14/02/2022 13:33:26
[-71, -74, -100, -86, -100],14/02/2022 13:33:30
[-69, -70, -100, -76, -100],14/02/2022 13:33:34
[-71, -73, -100, -75, -100],14/02/2022 13:33:38
[-70, -72, -100, -87, -100],14/02/2022 13:33:42
[-73, -76, -100, -88, -100],14/02/2022 13:33:46
[-69, -74, -91, -87, -100],14/02/2022 13:33:51
[-71, -74, -100, -89, -100],14/02/2022 13:33:55
[-72, -73, -100, -86, -100],14/02/2022 13:33:59
[-81, -71, -100, -87, -100],14/02/2022 13:34:03
[-70, -72, -87, -87, -100],14/02/2022 13:34:07
[-71, -71, -89, -88, -100],14/02/2022 13:34:12
[-70, -73, -100, -75, -100],14/02/2022 13:34:16
[-73, -75, -100, -88, -100],14/02/2022 13:34:20
[-71, -73, -89, -89, -100],14/02/2022 13:34:24
[-70, -73, -88, -89, -100],14/02/2022 13:34:28
[-72, -72, -100, -86, -100],14/02/2022 13:34:32
[-71, -71, -100, -90, -100],14/02/2022 13:34:36
[-82, -74, -86, -75, -100],14/02/2022 13:34:41
[-72, -74, -88, -75, -100],14/02/2022 13:34:45
[-71, -73, -100, -74, -100],14/02/2022 13:34:49
[-76, -73, -86, -76, -100],14/02/2022 13:34:53
[-81, -71, -100, -86, -100],14/02/2022 13:34:57
[-71, -70, -100, -89, -100],14/02/2022 13:35:01
[-72, -73, -100, -87, -100],14/02/2022 13:35:06
[-71, -73, -100, -100, -100],14/02/2022 13:35:10
[-74, -72, -100, -75, -100],14/02/2022 13:35:14
[-70, -74, -100, -87, -100],14/02/2022 13:35:18
[-72, -74, -91, -85, -100],14/02/2022 13:35:22
[-84, -71, -100, -85, -92],14/02/2022 13:35:26
[-72, -72, -100, -100, -100],14/02/2022 13:35:31
[-74, -71, -100, -85, -100],14/02/2022 13:35:35
[-73, -70, -100, -88, -100],14/02/2022 13:35:39
[-83, -73, -100, -86, -100],14/02/2022 13:35:43
[-75, -72, -100, -85, -100],14/02/2022 13:35:47
[-74, -71, -88, -84, -94],14/02/2022 13:35:51
[-77, -72, -100, -86, -100],14/02/2022 13:35:55
[-71, -73, -100, -75, -100],14/02/2022 13:36:00
[-72, -74, -100, -75, -100],14/02/2022 13:36:04
[-80, -76, -100, -75, -100],14/02/2022 13:36:08
[-71, -71, -100, -100, -100],14/02/2022 13:36:12
[-76, -76, -90, -75, -100],14/02/2022 13:36:16
[-72, -69, -88, -84, -100],14/02/2022 13:36:20
[-71, -73, -88, -75, -100],14/02/2022 13:36:25
[-87, -71, -93, -76, -100],14/02/2022 13:36:29
[-73, -75, -88, -75, -100],14/02/2022 13:36:33
[-72, -74, -100, -85, -100],14/02/2022 13:36:37
[-85, -75, -100, -87, -100],14/02/2022 13:36:41
[-73, -71, -100, -87, -100],14/02/2022 13:36:45
[-73, -72, -100, -87, -100],14/02/2022 13:36:50
[-73, -71, -84, -76, -100],14/02/2022 13:36:54
[-73, -73, -86, -89, -100],14/02/2022 13:36:58
[-69, -73, -100, -89, -100],14/02/2022 13:37:02
[-76, -71, -90, -83, -100],14/02/2022 13:37:06
[-77, -71, -100, -88, -100],14/02/2022 13:37:10
[-83, -71, -100, -89, -100],14/02/2022 13:37:15
[-72, -73, -89, -77, -100],14/02/2022 13:37:19
[-75, -71, -88, -85, -100],14/02/2022 13:37:23
[-83, -100, -100, -86, -100],14/02/2022 13:37:27
[-77, -72, -88, -85, -100],14/02/2022 13:37:31
[-74, -70, -100, -88, -100],14/02/2022 13:37:35
[-74, -71, -100, -86, -100],14/02/2022 13:37:40
[-100, -72, -89, -87, -100],14/02/2022 13:37:44
[-73, -73, -88, -89, -100],14/02/2022 13:37:48
[-72, -100, -85, -86, -100],14/02/2022 13:37:52
[-75, -75, -100, -86, -100],14/02/2022 13:37:56
[-75, -71, -100, -85, -100],14/02/2022 13:38:00
[-100, -72, -100, -84, -100],14/02/2022 13:38:04
[-73, -72, -90, -88, -100],14/02/2022 13:38:08
[-78, -100, -100, -85, -100],14/02/2022 13:38:13
[-80, -73, -100, -87, -100],14/02/2022 13:38:17
[-72, -74, -100, -85, -92],14/02/2022 13:38:21
[-75, -75, -88, -74, -100],14/02/2022 13:38:25
[-75, -71, -100, -86, -100],14/02/2022 13:38:29
[-75, -70, -91, -85, -100],14/02/2022 13:38:33
[-70, -71, -100, -87, -100],14/02/2022 13:38:38
[-73, -72, -100, -75, -100],14/02/2022 13:38:42
[-78, -74, -100, -84, -100],14/02/2022 13:38:46
[-71, -74, -100, -85, -100],14/02/2022 13:38:50
[-72, -74, -89, -87, -100],14/02/2022 13:38:54
[-72, -72, -100, -88, -100],14/02/2022 13:38:58
[-78, -72, -87, -89, -100],14/02/2022 13:39:02
[-68, -70, -100, -88, -100],14/02/2022 13:39:07
[-70, -74, -89, -86, -100],14/02/2022 13:39:11
[-77, -72, -100, -84, -100],14/02/2022 13:39:15
[-69, -71, -88, -88, -100],14/02/2022 13:39:19
[-70, -74, -100, -88, -100],14/02/2022 13:39:23
[-69, -72, -88, -76, -100],14/02/2022 13:39:28
[-78, -73, -100, -100, -100],14/02/2022 13:39:32
[-79, -73, -85, -84, -100],14/02/2022 13:39:36
[-70, -74, -85, -86, -100],14/02/2022 13:39:40
[-100, -71, -86, -88, -100],14/02/2022 13:39:44
[-100, -73, -100, -86, -100],14/02/2022 13:39:48
[-71, -72, -100, -86, -100],14/02/2022 13:39:52
[-100, -71, -88, -86, -100],14/02/2022 13:39:56
[-74, -74, -100, -85, -100],14/02/2022 13:40:00
[-71, -71, -100, -84, -100],14/02/2022 13:40:05
[-80, -70, -85, -87, -100],14/02/2022 13:40:09
[-77, -72, -100, -89, -100],14/02/2022 13:40:13
[-71, -72, -84, -87, -100],14/02/2022 13:40:17
[-77, -74, -100, -88, -100],14/02/2022 13:40:21
[-72, -73, -88, -76, -100],14/02/2022 13:40:25
[-71, -74, -100, -85, -100],14/02/2022 13:40:30
[-71, -71, -100, -87, -100],14/02/2022 13:40:34
[-69, -71, -88, -100, -100],14/02/2022 13:40:38
[-71, -74, -100, -75, -100],14/02/2022 13:40:42
[-71, -77, -100, -86, -100],14/02/2022 13:40:46
[-100, -73, -90, -87, -100],14/02/2022 13:40:50
[-70, -75, -94, -85, -100],14/02/2022 13:40:54
[-71, -76, -100, -87, -100],14/02/2022 13:40:58
[-100, -74, -88, -87, -100],14/02/2022 13:41:03
[-75, -71, -100, -89, -100],14/02/2022 13:41:07
[-77, -75, -100, -87, -100],14/02/2022 13:41:11
[-69, -77, -88, -87, -100],14/02/2022 13:41:15
[-77, -72, -100, -87, -100],14/02/2022 13:41:19
[-68, -74, -89, -87, -100],14/02/2022 13:41:23
[-70, -77, -100, -88, -100],14/02/2022 13:41:27
[-70, -100, -100, -87, -100],14/02/2022 13:41:32
[-70, -71, -89, -87, -100],14/02/2022 13:41:36
[-74, -72, -100, -86, -100],14/02/2022 13:41:40
[-70, -71, -100, -75, -100],14/02/2022 13:41:44
[-71, -71, -89, -74, -100],14/02/2022 13:41:48
[-69, -71, -88, -85, -100],14/02/2022 13:41:53
[-70, -100, -100, -75, -100],14/02/2022 13:41:57
[-76, -72, -100, -75, -100],14/02/2022 13:42:01
[-72, -73, -100, -89, -100],14/02/2022 13:42:05
[-71, -100, -89, -87, -100],14/02/2022 13:42:09
[-71, -100, -91, -87, -100],14/02/2022 13:42:13
[-70, -71, -100, -75, -100],14/02/2022 13:42:17
[-69, -72, -100, -89, -100],14/02/2022 13:42:22
[-70, -74, -100, -75, -100],14/02/2022 13:42:26
[-71, -73, -100, -75, -100],14/02/2022 13:42:30
[-80, -73, -100, -85, -100],14/02/2022 13:42:34
[-77, -73, -100, -76, -100],14/02/2022 13:42:38
[-70, -71, -100, -88, -100],14/02/2022 13:42:43
[-100, -72, -100, -89, -100],14/02/2022 13:42:46
[-69, -73, -100, -85, -100],14/02/2022 13:42:51
[-100, -72, -100, -100, -100],14/02/2022 13:42:55
[-70, -73, -100, -75, -100],14/02/2022 13:42:59
[-75, -73, -89, -87, -100],14/02/2022 13:43:03
[-76, -71, -88, -86, -100],14/02/2022 13:43:07
[-72, -73, -88, -87, -100],14/02/2022 13:43:11
[-69, -74, -100, -100, -100],14/02/2022 13:43:15
[-72, -73, -86, -74, -100],14/02/2022 13:43:20
[-71, -72, -100, -87, -100],14/02/2022 13:43:24
[-68, -100, -100, -83, -100],14/02/2022 13:43:28
[-71, -66, -100, -82, -89],14/02/2022 13:43:32
[-70, -65, -100, -81, -100],14/02/2022 13:43:36
[-71, -65, -100, -79, -89],14/02/2022 13:43:40
[-68, -74, -100, -82, -100],14/02/2022 13:43:45
[-72, -75, -100, -82, -100],14/02/2022 13:43:49
[-70, -77, -100, -83, -100],14/02/2022 13:43:53
[-71, -65, -100, -82, -100],14/02/2022 13:43:57
[-72, -66, -100, -91, -90],14/02/2022 13:44:01
[-72, -65, -100, -91, -90],14/02/2022 13:44:05
[-71, -66, -100, -100, -89],14/02/2022 13:44:09
[-70, -65, -100, -82, -100],14/02/2022 13:44:14
[-70, -65, -100, -80, -100],14/02/2022 13:44:18
[-73, -65, -100, -100, -100],14/02/2022 13:44:22
[-69, -65, -100, -83, -90],14/02/2022 13:44:26
[-72, -65, -100, -79, -88],14/02/2022 13:44:30
[-70, -78, -100, -80, -100],14/02/2022 13:44:35
[-71, -76, -100, -82, -88],14/02/2022 13:44:39
[-72, -75, -100, -82, -89],14/02/2022 13:44:43
[-71, -66, -100, -83, -90],14/02/2022 13:44:47
[-71, -76, -100, -82, -87],14/02/2022 13:44:51
[-100, -66, -100, -83, -100],14/02/2022 13:44:55
[-73, -65, -100, -84, -87],14/02/2022 13:44:59
[-71, -77, -100, -79, -100],14/02/2022 13:45:03
[-71, -65, -100, -80, -89],14/02/2022 13:45:08
[-69, -66, -100, -79, -100],14/02/2022 13:45:12
[-72, -65, -100, -82, -88],14/02/2022 13:45:16
[-72, -65, -100, -90, -88],14/02/2022 13:45:20
[-100, -65, -100, -81, -100],14/02/2022 13:45:24
[-71, -77, -100, -81, -88],14/02/2022 13:45:28
[-70, -76, -100, -79, -100],14/02/2022 13:45:33
[-71, -65, -100, -81, -100],14/02/2022 13:45:37
[-68, -77, -100, -80, -100],14/02/2022 13:45:42
[-69, -68, -100, -81, -100],14/02/2022 13:45:45
[-67, -65, -100, -79, -100],14/02/2022 13:45:49
[-71, -65, -100, -80, -90],14/02/2022 13:45:53
[-71, -65, -100, -79, -90],14/02/2022 13:45:57
[-73, -65, -100, -84, -100],14/02/2022 13:46:02
[-68, -65, -100, -79, -90],14/02/2022 13:46:06
[-69, -65, -100, -82, -100],14/02/2022 13:46:10
[-67, -76, -100, -81, -89],14/02/2022 13:46:14
[-73, -76, -100, -82, -100],14/02/2022 13:46:18
[-72, -77, -100, -100, -100],14/02/2022 13:46:22
[-71, -76, -100, -82, -92],14/02/2022 13:46:27
[-71, -64, -100, -83, -100],14/02/2022 13:46:31
[-72, -65, -100, -79, -89],14/02/2022 13:46:35
[-71, -64, -100, -78, -89],14/02/2022 13:46:39
[-73, -65, -100, -79, -93],14/02/2022 13:46:43
[-73, -64, -100, -83, -91],14/02/2022 13:46:47
[-71, -65, -100, -79, -100],14/02/2022 13:46:52
[-68, -76, -100, -82, -100],14/02/2022 13:46:56
[-71, -65, -100, -100, -90],14/02/2022 13:47:00
[-100, -75, -100, -82, -89],14/02/2022 13:47:04
[-69, -66, -100, -79, -100],14/02/2022 13:47:08
[-71, -65, -100, -79, -88],14/02/2022 13:47:12
[-71, -76, -100, -91, -90],14/02/2022 13:47:16
[-73, -64, -100, -82, -100],14/02/2022 13:47:21
[-71, -65, -100, -87, -89],14/02/2022 13:47:25
[-72, -65, -100, -86, -89],14/02/2022 13:47:29
[-69, -65, -100, -81, -91],14/02/2022 13:47:33
[-74, -66, -100, -82, -88],14/02/2022 13:47:37
[-100, -66, -100, -81, -89],14/02/2022 13:47:41
[-71, -64, -100, -80, -100],14/02/2022 13:47:46
[-69, -64, -100, -80, -89],14/02/2022 13:47:50
[-72, -76, -100, -83, -89],14/02/2022 13:47:54
[-71, -77, -100, -93, -88],14/02/2022 13:47:58
[-72, -75, -100, -82, -100],14/02/2022 13:48:02
[-72, -76, -100, -82, -89],14/02/2022 13:48:06
[-73, -65, -100, -91, -88],14/02/2022 13:48:11
[-72, -66, -100, -79, -88],14/02/2022 13:48:15
[-68, -100, -100, -80, -88],14/02/2022 13:48:19
[-69, -76, -100, -88, -91],14/02/2022 13:48:23
[-68, -65, -100, -79, -100],14/02/2022 13:48:27
[-68, -64, -100, -81, -100],14/02/2022 13:48:31
[-71, -64, -100, -82, -88],14/02/2022 13:48:35
[-72, -65, -100, -79, -90],14/02/2022 13:48:40
[-68, -75, -100, -80, -100],14/02/2022 13:48:44
[-69, -65, -100, -86, -88],14/02/2022 13:48:48
[-71, -65, -100, -82, -100],14/02/2022 13:48:52
[-100, -64, -100, -82, -100],14/02/2022 13:48:56
[-100, -65, -100, -80, -100],14/02/2022 13:49:01
[-74, -66, -100, -82, -100],14/02/2022 13:49:05
[-69, -75, -100, -80, -90],14/02/2022 13:49:09
[-71, -75, -100, -84, -88],14/02/2022 13:49:13
[-100, -66, -100, -91, -100],14/02/2022 13:49:17
[-68, -66, -100, -79, -100],14/02/2022 13:49:21
[-73, -66, -100, -83, -89],14/02/2022 13:49:26
[-73, -65, -100, -88, -88],14/02/2022 13:49:30
[-69, -64, -100, -80, -100],14/02/2022 13:49:34
[-69, -64, -100, -82, -100],14/02/2022 13:49:38
[-71, -65, -100, -80, -88],14/02/2022 13:49:42
[-71, -65, -100, -79, -86],14/02/2022 13:49:46
[-71, -66, -100, -82, -100],14/02/2022 13:49:50
[-71, -75, -100, -89, -89],14/02/2022 13:49:55
[-72, -66, -100, -82, -86],14/02/2022 13:49:59
[-75, -74, -100, -81, -88],14/02/2022 13:50:03
[-71, -74, -100, -89, -90],14/02/2022 13:50:07
[-68, -75, -100, -79, -100],14/02/2022 13:50:11
[-75, -65, -100, -92, -90],14/02/2022 13:50:15
[-68, -64, -100, -82, -88],14/02/2022 13:50:20
[-71, -67, -100, -79, -100],14/02/2022 13:50:24
[-74, -76, -100, -80, -89],14/02/2022 13:50:28
[-71, -66, -100, -80, -91],14/02/2022 13:50:32
[-71, -65, -100, -78, -88],14/02/2022 13:50:36
[-69, -66, -100, -100, -89],14/02/2022 13:50:40
[-69, -64, -100, -82, -89],14/02/2022 13:50:45
[-69, -76, -100, -91, -100],14/02/2022 13:50:49
[-73, -65, -100, -81, -100],14/02/2022 13:50:53
[-72, -64, -100, -80, -90],14/02/2022 13:50:57
[-71, -100, -100, -80, -100],14/02/2022 13:51:01
[-68, -76, -100, -80, -100],14/02/2022 13:51:05
[-69, -76, -100, -81, -91],14/02/2022 13:51:10
[-71, -75, -100, -81, -89],14/02/2022 13:51:14
[-70, -65, -100, -82, -100],14/02/2022 13:51:18
[-68, -65, -100, -80, -90],14/02/2022 13:51:22
[-66, -66, -100, -80, -86],14/02/2022 13:51:26
[-72, -65, -100, -79, -86],14/02/2022 13:51:30
[-72, -64, -100, -92, -100],14/02/2022 13:51:35
[-70, -65, -100, -80, -89],14/02/2022 13:51:39
[-69, -76, -100, -89, -89],14/02/2022 13:51:43
[-69, -64, -100, -81, -88],14/02/2022 13:51:47
[-68, -65, -100, -81, -89],14/02/2022 13:51:51
[-71, -76, -100, -80, -87],14/02/2022 13:51:55
[-69, -65, -100, -81, -87],14/02/2022 13:51:59
[-68, -65, -100, -100, -87],14/02/2022 13:52:04
[-70, -75, -100, -80, -100],14/02/2022 13:52:08
[-72, -65, -100, -80, -93],14/02/2022 13:52:12
[-69, -75, -100, -81, -100],14/02/2022 13:52:16
[-100, -100, -100, -81, -92],14/02/2022 13:52:20
[-67, -65, -100, -80, -100],14/02/2022 13:52:24
[-69, -65, -100, -80, -89],14/02/2022 13:52:29
[-67, -66, -100, -79, -100],14/02/2022 13:52:33
[-71, -65, -100, -82, -100],14/02/2022 13:52:37
[-72, -65, -100, -81, -100],14/02/2022 13:52:41
[-71, -66, -100, -84, -88],14/02/2022 13:52:45
[-69, -64, -100, -79, -100],14/02/2022 13:52:50
[-70, -66, -100, -93, -100],14/02/2022 13:52:54
[-69, -65, -100, -80, -100],14/02/2022 13:52:58
[-70, -65, -100, -82, -90],14/02/2022 13:53:02
[-70, -65, -100, -79, -100],14/02/2022 13:53:06
[-68, -64, -100, -79, -89],14/02/2022 13:53:10
[-69, -65, -100, -86, -100],14/02/2022 13:53:14
[-68, -65, -100, -80, -90],14/02/2022 13:53:19
[-72, -65, -100, -88, -89],14/02/2022 13:53:23
[-69, -65, -100, -82, -89],14/02/2022 13:53:27
[-70, -65, -100, -80, -100],14/02/2022 13:53:31
[-68, -65, -100, -79, -100],14/02/2022 13:53:35
[-66, -65, -100, -83, -90],14/02/2022 13:53:39
[-67, -65, -100, -82, -100],14/02/2022 13:53:44
[-69, -65, -100, -80, -100],14/02/2022 13:53:48
[-70, -76, -100, -80, -100],14/02/2022 13:53:52
[-71, -65, -100, -79, -91],14/02/2022 13:53:56
[-69, -65, -100, -100, -89],14/02/2022 13:54:00
[-71, -65, -100, -81, -100],14/02/2022 13:54:04
[-69, -65, -100, -78, -100],14/02/2022 13:54:09
[-68, -65, -100, -81, -100],14/02/2022 13:54:13
[-70, -75, -100, -82, -89],14/02/2022 13:54:18
[-71, -65, -100, -81, -89],14/02/2022 13:54:21
[-69, -76, -100, -81, -89],14/02/2022 13:54:25
[-69, -65, -100, -81, -91],14/02/2022 13:54:30
[-71, -65, -100, -82, -91],14/02/2022 13:54:34
[-67, -65, -100, -82, -91],14/02/2022 13:54:38
[-71, -65, -100, -100, -100],14/02/2022 13:54:42
[-69, -76, -100, -81, -89],14/02/2022 13:54:46
[-69, -65, -100, -95, -100],14/02/2022 13:54:50
[-69, -65, -100, -81, -100],14/02/2022 13:54:55
[-69, -65, -100, -89, -90],14/02/2022 13:54:59
[-69, -64, -100, -80, -100],14/02/2022 13:55:03
[-68, -65, -100, -79, -90],14/02/2022 13:55:07
[-71, -65, -100, -82, -90],14/02/2022 13:55:11
[-68, -65, -100, -78, -100],14/02/2022 13:55:15
[-69, -75, -100, -84, -88],14/02/2022 13:55:19
[-71, -65, -100, -79, -100],14/02/2022 13:55:24
[-68, -65, -100, -78, -90],14/02/2022 13:55:28
[-72, -77, -100, -81, -100],14/02/2022 13:55:32
[-67, -64, -100, -80, -86],14/02/2022 13:55:36
[-69, -64, -100, -79, -100],14/02/2022 13:55:40
[-100, -75, -100, -78, -90],14/02/2022 13:55:44
[-67, -65, -100, -79, -91],14/02/2022 13:55:49
[-70, -65, -100, -79, -100],14/02/2022 13:55:53
[-69, -65, -100, -79, -100],14/02/2022 13:55:57
[-67, -76, -100, -83, -100],14/02/2022 13:56:02
[-71, -64, -100, -81, -91],14/02/2022 13:56:07
[-68, -64, -100, -83, -90],14/02/2022 13:56:09
[-67, -65, -100, -79, -88],14/02/2022 13:56:14
[-67, -65, -100, -79, -88],14/02/2022 13:56:18
[-71, -65, -100, -82, -100],14/02/2022 13:56:22
[-70, -65, -100, -92, -91],14/02/2022 13:56:26
[-71, -65, -100, -79, -87],14/02/2022 13:56:30
[-69, -64, -100, -80, -88],14/02/2022 13:56:34
[-69, -65, -100, -82, -100],14/02/2022 13:56:39
[-67, -65, -100, -80, -90],14/02/2022 13:56:43
[-71, -65, -100, -83, -100],14/02/2022 13:56:47
[-70, -65, -100, -82, -87],14/02/2022 13:56:51
[-71, -65, -100, -82, -88],14/02/2022 13:56:55
[-69, -75, -100, -79, -89],14/02/2022 13:56:59
[-67, -65, -100, -80, -86],14/02/2022 13:57:03
[-67, -77, -100, -79, -100],14/02/2022 13:57:08
[-71, -65, -100, -79, -90],14/02/2022 13:57:12
[-70, -65, -100, -82, -100],14/02/2022 13:57:16
[-68, -65, -100, -80, -100],14/02/2022 13:57:20
[-71, -65, -100, -80, -88],14/02/2022 13:57:24
[-72, -65, -100, -83, -88],14/02/2022 13:57:28
[-71, -65, -100, -83, -89],14/02/2022 13:57:33
[-70, -65, -100, -82, -92],14/02/2022 13:57:37
[-71, -77, -100, -80, -89],14/02/2022 13:57:41
[-70, -76, -100, -79, -100],14/02/2022 13:57:45
[-70, -65, -100, -79, -100],14/02/2022 13:57:49
[-69, -65, -100, -93, -91],14/02/2022 13:57:54
[-69, -65, -100, -81, -100],14/02/2022 13:57:58
[-67, -65, -100, -100, -100],14/02/2022 13:58:02
[-69, -76, -100, -82, -88],14/02/2022 13:58:06
[-67, -65, -100, -81, -90],14/02/2022 13:58:10
[-69, -64, -100, -79, -100],14/02/2022 13:58:14
[-70, -65, -100, -79, -100],14/02/2022 13:58:19
[-70, -64, -100, -81, -88],14/02/2022 13:58:23
[-67, -65, -100, -82, -89],14/02/2022 13:58:27
[-70, -77, -100, -89, -88],14/02/2022 13:58:31
[-67, -78, -100, -82, -100],14/02/2022 13:58:35
[-71, -65, -100, -79, -90],14/02/2022 13:58:39
[-71, -65, -100, -82, -87],14/02/2022 13:58:44
[-71, -65, -100, -82, -91],14/02/2022 13:58:48
[-70, -65, -100, -82, -93],14/02/2022 13:58:52
[-71, -76, -100, -80, -100],14/02/2022 13:58:56
[-68, -65, -100, -81, -100],14/02/2022 13:59:00
[-70, -76, -100, -82, -89],14/02/2022 13:59:04
[-71, -65, -100, -79, -85],14/02/2022 13:59:09
[-67, -65, -100, -91, -89],14/02/2022 13:59:13
[-69, -65, -100, -80, -89],14/02/2022 13:59:17
[-69, -65, -100, -82, -91],14/02/2022 13:59:21
[-71, -77, -100, -81, -100],14/02/2022 13:59:25
[-69, -65, -100, -82, -100],14/02/2022 13:59:30
[-71, -76, -100, -82, -90],14/02/2022 13:59:34
[-67, -76, -100, -82, -90],14/02/2022 13:59:38
[-70, -75, -100, -81, -100],14/02/2022 13:59:42
[-68, -65, -100, -79, -100],14/02/2022 13:59:46
[-67, -65, -100, -81, -100],14/02/2022 13:59:50
[-67, -64, -100, -80, -100],14/02/2022 13:59:54
[-67, -65, -100, -94, -100],14/02/2022 13:59:59
[-70, -100, -100, -79, -100],14/02/2022 14:00:03
[-71, -65, -100, -82, -88],14/02/2022 14:00:07
[-72, -65, -100, -81, -89],14/02/2022 14:00:11
[-71, -65, -100, -81, -100],14/02/2022 14:00:15
[-68, -65, -100, -80, -87],14/02/2022 14:00:19
[-71, -64, -100, -84, -87],14/02/2022 14:00:23
[-71, -75, -100, -83, -100],14/02/2022 14:00:28
[-67, -64, -100, -80, -100],14/02/2022 14:00:32
[-71, -65, -100, -79, -100],14/02/2022 14:00:36
[-70, -65, -100, -78, -91],14/02/2022 14:00:40
[-68, -65, -100, -78, -100],14/02/2022 14:00:44
[-67, -64, -100, -91, -100],14/02/2022 14:00:48
[-68, -65, -100, -78, -91],14/02/2022 14:00:53
[-71, -65, -100, -77, -88],14/02/2022 14:00:57
[-70, -75, -100, -84, -87],14/02/2022 14:01:01
[-70, -64, -100, -80, -89],14/02/2022 14:01:05
[-71, -65, -100, -100, -100],14/02/2022 14:01:09
[-71, -64, -100, -78, -87],14/02/2022 14:01:13
[-100, -65, -100, -87, -100],14/02/2022 14:01:18
[-67, -65, -100, -84, -100],14/02/2022 14:01:22
[-70, -76, -100, -91, -100],14/02/2022 14:01:26
[-71, -76, -100, -81, -89],14/02/2022 14:01:30
[-68, -76, -100, -78, -89],14/02/2022 14:01:34
[-71, -75, -100, -78, -100],14/02/2022 14:01:38
[-68, -65, -100, -84, -100],14/02/2022 14:01:43
[-71, -65, -100, -79, -89],14/02/2022 14:01:47
[-70, -65, -100, -85, -100],14/02/2022 14:01:51
[-70, -65, -100, -89, -100],14/02/2022 14:01:55
[-67, -65, -100, -83, -89],14/02/2022 14:01:59
[-70, -65, -100, -91, -87],14/02/2022 14:02:03
[-100, -64, -100, -84, -100],14/02/2022 14:02:08
[-70, -65, -100, -88, -89],14/02/2022 14:02:12
[-68, -76, -100, -80, -100],14/02/2022 14:02:16
[-71, -76, -100, -90, -100],14/02/2022 14:02:20
[-71, -65, -100, -79, -100],14/02/2022 14:02:24
[-67, -67, -100, -89, -89],14/02/2022 14:02:28
[-67, -67, -100, -88, -90],14/02/2022 14:02:33
[-67, -64, -100, -84, -90],14/02/2022 14:02:37
[-70, -76, -100, -88, -88],14/02/2022 14:02:41
[-70, -65, -100, -89, -100],14/02/2022 14:02:45
[-69, -76, -100, -85, -89],14/02/2022 14:02:49
[-69, -65, -100, -77, -100],14/02/2022 14:02:53
[-68, -65, -100, -77, -86],14/02/2022 14:02:58
[-70, -76, -100, -78, -100],14/02/2022 14:03:02
[-72, -65, -100, -79, -88],14/02/2022 14:03:06
[-69, -65, -100, -82, -89],14/02/2022 14:03:10
[-70, -64, -100, -79, -89],14/02/2022 14:03:14
[-70, -65, -100, -82, -100],14/02/2022 14:03:18
[-67, -64, -100, -81, -100],14/02/2022 14:03:23
[-71, -65, -93, -81, -90],14/02/2022 14:03:27
[-69, -76, -100, -82, -100],14/02/2022 14:03:31
[-67, -65, -100, -81, -88],14/02/2022 14:03:35
[-71, -65, -100, -81, -100],14/02/2022 14:03:39
[-71, -65, -100, -82, -88],14/02/2022 14:03:43
[-70, -65, -100, -79, -88],14/02/2022 14:03:48
[-66, -65, -100, -79, -89],14/02/2022 14:03:52
[-68, -77, -100, -81, -90],14/02/2022 14:03:56
[-67, -65, -100, -82, -87],14/02/2022 14:04:00
[-70, -65, -100, -83, -100],14/02/2022 14:04:04
[-71, -76, -100, -81, -89],14/02/2022 14:04:08
[-71, -65, -100, -79, -89],14/02/2022 14:04:13
[-69, -65, -100, -82, -89],14/02/2022 14:04:17
[-70, -65, -100, -81, -88],14/02/2022 14:04:21
[-71, -77, -100, -81, -90],14/02/2022 14:04:25
[-71, -65, -100, -79, -100],14/02/2022 14:04:29
[-71, -76, -100, -79, -100],14/02/2022 14:04:33
[-71, -65, -100, -100, -89],14/02/2022 14:04:38
[-68, -76, -100, -81, -90],14/02/2022 14:04:42
[-69, -65, -100, -80, -89],14/02/2022 14:04:46
[-71, -65, -100, -82, -90],14/02/2022 14:04:50
[-70, -65, -100, -83, -88],14/02/2022 14:04:54
[-71, -65, -100, -80, -100],14/02/2022 14:04:59
[-69, -74, -100, -79, -100],14/02/2022 14:05:03
[-70, -63, -100, -82, -89],14/02/2022 14:05:07
[-68, -65, -100, -79, -89],14/02/2022 14:05:11
[-67, -64, -100, -79, -90],14/02/2022 14:05:15
[-71, -65, -100, -81, -90],14/02/2022 14:05:20
[-70, -65, -100, -82, -100],14/02/2022 14:05:24
[-69, -65, -100, -88, -91],14/02/2022 14:05:28
[-70, -65, -100, -78, -92],14/02/2022 14:05:32
[-70, -65, -100, -79, -87],14/02/2022 14:05:36
[-100, -65, -100, -79, -100],14/02/2022 14:05:41
[-71, -65, -100, -81, -91],14/02/2022 14:05:45
[-71, -65, -100, -82, -89],14/02/2022 14:05:49
[-100, -65, -100, -79, -90],14/02/2022 14:05:53
[-67, -65, -100, -79, -100],14/02/2022 14:05:57
[-71, -64, -100, -80, -87],14/02/2022 14:06:01
[-71, -65, -100, -78, -100],14/02/2022 14:06:06
[-71, -65, -100, -100, -100],14/02/2022 14:06:10
[-71, -64, -100, -82, -90],14/02/2022 14:06:14
[-69, -77, -100, -82, -89],14/02/2022 14:06:18
[-69, -64, -100, -76, -90],14/02/2022 14:06:22
[-70, -65, -100, -78, -100],14/02/2022 14:06:26
[-70, -65, -100, -81, -100],14/02/2022 14:06:30
[-70, -66, -100, -78, -88],14/02/2022 14:06:35
[-70, -65, -100, -79, -90],14/02/2022 14:06:39
[-67, -64, -100, -88, -90],14/02/2022 14:06:43
[-70, -64, -100, -80, -88],14/02/2022 14:06:47
[-70, -65, -100, -100, -100],14/02/2022 14:06:51
[-71, -65, -100, -78, -89],14/02/2022 14:06:55
[-71, -65, -100, -78, -100],14/02/2022 14:06:59
[-71, -66, -100, -78, -100],14/02/2022 14:07:04
[-70, -66, -100, -88, -88],14/02/2022 14:07:08
[-68, -64, -100, -79, -100],14/02/2022 14:07:12
[-68, -76, -100, -79, -100],14/02/2022 14:07:16
[-69, -65, -100, -83, -90],14/02/2022 14:07:20
[-68, -64, -100, -82, -91],14/02/2022 14:07:24
[-73, -64, -100, -83, -90],14/02/2022 14:07:29
[-70, -100, -100, -79, -89],14/02/2022 14:07:33
[-72, -64, -100, -100, -100],14/02/2022 14:07:37
[-70, -63, -100, -100, -89],14/02/2022 14:07:41
[-68, -64, -100, -79, -100],14/02/2022 14:07:45
[-69, -76, -100, -81, -100],14/02/2022 14:07:49
[-69, -66, -100, -80, -100],14/02/2022 14:07:53
[-70, -65, -100, -79, -100],14/02/2022 14:07:57
[-69, -65, -100, -82, -93],14/02/2022 14:08:02
[-71, -65, -100, -81, -86],14/02/2022 14:08:06
[-69, -65, -100, -79, -100],14/02/2022 14:08:10
[-69, -65, -100, -81, -100],14/02/2022 14:08:14
[-71, -65, -100, -81, -90],14/02/2022 14:08:18
[-70, -64, -100, -81, -100],14/02/2022 14:08:22
[-73, -64, -100, -81, -88],14/02/2022 14:08:26
[-71, -65, -100, -81, -100],14/02/2022 14:08:31
[-71, -65, -100, -81, -87],14/02/2022 14:08:35
[-70, -65, -100, -75, -88],14/02/2022 14:08:39
[-70, -76, -100, -80, -89],14/02/2022 14:08:43
[-69, -65, -100, -81, -90],14/02/2022 14:08:47
[-69, -65, -100, -78, -100],14/02/2022 14:08:51
[-69, -75, -100, -81, -90],14/02/2022 14:08:56
[-68, -65, -100, -80, -88],14/02/2022 14:09:00
[-68, -75, -100, -81, -86],14/02/2022 14:09:04
[-69, -65, -100, -92, -100],14/02/2022 14:09:08
[-100, -77, -100, -80, -100],14/02/2022 14:09:12
[-70, -64, -100, -88, -100],14/02/2022 14:09:16
[-68, -66, -100, -80, -100],14/02/2022 14:09:21
[-69, -66, -100, -100, -100],14/02/2022 14:09:25
[-71, -65, -100, -81, -90],14/02/2022 14:09:29
[-68, -64, -100, -80, -100],14/02/2022 14:09:33
[-67, -64, -100, -79, -100],14/02/2022 14:09:37
[-68, -65, -100, -79, -90],14/02/2022 14:09:42
[-73, -65, -100, -82, -89],14/02/2022 14:09:46
[-66, -64, -100, -77, -100],14/02/2022 14:09:50
[-68, -76, -100, -85, -100],14/02/2022 14:09:54
[-69, -76, -100, -87, -92],14/02/2022 14:09:58
[-71, -76, -100, -79, -89],14/02/2022 14:10:02
[-69, -65, -100, -82, -100],14/02/2022 14:10:06
[-69, -65, -100, -78, -100],14/02/2022 14:10:11
[-70, -67, -100, -79, -100],14/02/2022 14:10:15
[-70, -65, -100, -82, -100],14/02/2022 14:10:19
[-68, -65, -100, -83, -87],14/02/2022 14:10:23
[-69, -65, -100, -85, -88],14/02/2022 14:10:27
[-68, -76, -100, -83, -88],14/02/2022 14:10:32
[-68, -64, -100, -79, -87],14/02/2022 14:10:36
[-67, -75, -100, -78, -90],14/02/2022 14:10:40
[-100, -65, -100, -81, -89],14/02/2022 14:10:44
[-70, -65, -100, -100, -100],14/02/2022 14:10:48
[-69, -64, -100, -78, -100],14/02/2022 14:10:52
[-68, -65, -100, -79, -100],14/02/2022 14:10:57
[-70, -65, -100, -92, -90],14/02/2022 14:11:01
[-69, -65, -100, -91, -100],14/02/2022 14:11:05
[-71, -77, -100, -91, -88],14/02/2022 14:11:09
[-70, -75, -100, -79, -91],14/02/2022 14:11:13
[-68, -65, -100, -79, -100],14/02/2022 14:11:17
[-72, -65, -100, -79, -87],14/02/2022 14:11:21
[-70, -65, -100, -81, -88],14/02/2022 14:11:26
[-69, -66, -100, -79, -92],14/02/2022 14:11:30
[-68, -65, -100, -79, -100],14/02/2022 14:11:34
[-69, -65, -100, -79, -100],14/02/2022 14:11:38
[-71, -65, -100, -79, -89],14/02/2022 14:11:42
[-67, -65, -100, -79, -100],14/02/2022 14:11:47
[-69, -65, -100, -82, -87],14/02/2022 14:11:51
[-69, -65, -100, -81, -92],14/02/2022 14:11:55
[-68, -64, -100, -91, -86],14/02/2022 14:11:59
[-70, -65, -100, -78, -100],14/02/2022 14:12:03
[-100, -75, -100, -92, -88],14/02/2022 14:12:07
[-71, -65, -100, -78, -90],14/02/2022 14:12:11
[-70, -75, -100, -80, -89],14/02/2022 14:12:16
[-69, -65, -100, -81, -87],14/02/2022 14:12:20
[-67, -75, -100, -80, -91],14/02/2022 14:12:24
[-70, -65, -100, -78, -100],14/02/2022 14:12:28
[-68, -65, -100, -82, -100],14/02/2022 14:12:32
[-68, -65, -100, -83, -100],14/02/2022 14:12:36
[-70, -65, -100, -78, -88],14/02/2022 14:12:41
[-67, -76, -100, -81, -89],14/02/2022 14:12:45
[-70, -65, -100, -79, -88],14/02/2022 14:12:49
[-70, -75, -100, -80, -87],14/02/2022 14:12:53
[-66, -75, -100, -89, -100],14/02/2022 14:12:57
[-70, -76, -100, -82, -100],14/02/2022 14:13:01
[-68, -64, -100, -80, -100],14/02/2022 14:13:06
[-67, -75, -100, -90, -89],14/02/2022 14:13:10
[-68, -65, -100, -80, -100],14/02/2022 14:13:14
[-71, -64, -100, -89, -100],14/02/2022 14:13:18
[-70, -65, -100, -91, -88],14/02/2022 14:13:22
[-71, -65, -100, -90, -88],14/02/2022 14:13:27
[-70, -65, -100, -81, -90],14/02/2022 14:13:31
[-68, -66, -100, -80, -89],14/02/2022 14:13:35
[-69, -65, -100, -81, -91],14/02/2022 14:13:39
[-70, -65, -100, -81, -88],14/02/2022 14:13:43
[-70, -74, -100, -80, -90],14/02/2022 14:13:47
[-71, -65, -100, -79, -90],14/02/2022 14:13:51
[-69, -64, -100, -86, -89],14/02/2022 14:13:56
[-71, -76, -100, -80, -89],14/02/2022 14:14:00
[-69, -64, -100, -82, -88],14/02/2022 14:14:04
[-67, -64, -100, -77, -100],14/02/2022 14:14:08
[-70, -64, -100, -81, -100],14/02/2022 14:14:12
[-70, -76, -100, -82, -100],14/02/2022 14:14:16
[-71, -76, -100, -100, -87],14/02/2022 14:14:21
[-71, -65, -100, -78, -100],14/02/2022 14:14:25
[-72, -74, -100, -79, -100],14/02/2022 14:14:29
[-71, -65, -100, -80, -88],14/02/2022 14:14:33
[-70, -66, -100, -80, -91],14/02/2022 14:14:37
[-68, -64, -100, -80, -89],14/02/2022 14:14:42
[-69, -75, -100, -78, -100],14/02/2022 14:14:46
[-100, -65, -100, -79, -88],14/02/2022 14:14:50
[-69, -66, -100, -80, -100],14/02/2022 14:14:54
[-68, -65, -100, -79, -100],14/02/2022 14:14:58
[-68, -76, -100, -79, -100],14/02/2022 14:15:02
[-67, -65, -100, -93, -100],14/02/2022 14:15:07
[-73, -65, -100, -90, -100],14/02/2022 14:15:11
[-71, -75, -100, -79, -100],14/02/2022 14:15:15
[-69, -78, -100, -81, -100],14/02/2022 14:15:19
[-68, -64, -100, -79, -90],14/02/2022 14:15:23
[-67, -65, -100, -90, -100],14/02/2022 14:15:27
[-69, -65, -100, -77, -100],14/02/2022 14:15:31
[-67, -64, -100, -78, -100],14/02/2022 14:15:36
[-67, -65, -100, -78, -89],14/02/2022 14:15:40
[-68, -63, -100, -83, -88],14/02/2022 14:15:44
[-67, -76, -100, -79, -100],14/02/2022 14:15:48
[-67, -76, -100, -88, -100],14/02/2022 14:15:52
[-67, -64, -100, -87, -100],14/02/2022 14:15:56
[-68, -66, -100, -78, -100],14/02/2022 14:16:01
[-67, -64, -100, -81, -100],14/02/2022 14:16:05
[-69, -65, -100, -81, -100],14/02/2022 14:16:09
[-70, -64, -100, -79, -100],14/02/2022 14:16:13
[-69, -65, -100, -78, -100],14/02/2022 14:16:17
[-68, -64, -100, -80, -100],14/02/2022 14:16:21
[-67, -65, -100, -82, -100],14/02/2022 14:16:26
[-68, -67, -100, -80, -100],14/02/2022 14:16:30
[-66, -64, -100, -79, -100],14/02/2022 14:16:34
[-67, -68, -100, -79, -100],14/02/2022 14:16:40
[-69, -65, -100, -79, -100],14/02/2022 14:16:42
[-70, -68, -100, -78, -100],14/02/2022 14:16:46
[-69, -67, -100, -79, -100],14/02/2022 14:16:51
[-71, -63, -100, -80, -100],14/02/2022 14:16:55
[-68, -63, -100, -78, -100],14/02/2022 14:16:59
[-70, -65, -100, -79, -100],14/02/2022 14:17:03
[-69, -65, -100, -79, -100],14/02/2022 14:17:07
[-69, -65, -100, -79, -100],14/02/2022 14:17:11
[-71, -64, -100, -100, -100],14/02/2022 14:17:15
[-70, -65, -100, -80, -100],14/02/2022 14:17:20
[-68, -65, -100, -80, -100],14/02/2022 14:17:24
[-70, -65, -100, -78, -100],14/02/2022 14:17:28
[-67, -64, -100, -90, -100],14/02/2022 14:17:32
[-66, -74, -100, -78, -100],14/02/2022 14:17:36
[-68, -65, -100, -82, -100],14/02/2022 14:17:41
[-68, -75, -100, -100, -100],14/02/2022 14:17:45
[-66, -76, -100, -84, -100],14/02/2022 14:17:49
[-68, -78, -100, -79, -100],14/02/2022 14:17:53
[-70, -65, -100, -79, -93],14/02/2022 14:17:57
[-69, -64, -100, -78, -91],14/02/2022 14:18:01
[-68, -65, -100, -84, -100],14/02/2022 14:18:05
[-69, -64, -100, -89, -100],14/02/2022 14:18:10
[-71, -66, -100, -81, -90],14/02/2022 14:18:14
[-68, -65, -100, -79, -90],14/02/2022 14:18:18
[-67, -73, -100, -79, -91],14/02/2022 14:18:22
[-68, -76, -100, -92, -100],14/02/2022 14:18:26
[-71, -75, -100, -81, -100],14/02/2022 14:18:30
[-68, -64, -100, -81, -100],14/02/2022 14:18:35
[-69, -65, -100, -79, -93],14/02/2022 14:18:39
[-67, -65, -100, -83, -100],14/02/2022 14:18:43
[-66, -65, -100, -81, -100],14/02/2022 14:18:47
[-71, -64, -100, -81, -100],14/02/2022 14:18:51
[-71, -76, -100, -77, -100],14/02/2022 14:18:56
[-68, -65, -100, -81, -100],14/02/2022 14:19:00
[-69, -65, -100, -100, -100],14/02/2022 14:19:04
[-69, -66, -100, -94, -88],14/02/2022 14:19:08
[-69, -65, -100, -79, -100],14/02/2022 14:19:12
[-68, -64, -100, -79, -100],14/02/2022 14:19:16
[-70, -76, -100, -79, -88],14/02/2022 14:19:20
[-69, -63, -100, -79, -92],14/02/2022 14:19:25
[-67, -75, -100, -81, -100],14/02/2022 14:19:29
[-67, -65, -100, -82, -88],14/02/2022 14:19:33
[-67, -65, -100, -100, -88],14/02/2022 14:19:37
[-68, -65, -100, -82, -100],14/02/2022 14:19:41
[-70, -64, -100, -79, -89],14/02/2022 14:19:46
[-71, -68, -100, -83, -88],14/02/2022 14:19:50
[-68, -66, -100, -79, -100],14/02/2022 14:19:54
[-69, -64, -100, -87, -100],14/02/2022 14:19:58
[-68, -65, -100, -82, -100],14/02/2022 14:20:02
[-68, -76, -100, -77, -100],14/02/2022 14:20:06
[-66, -64, -100, -82, -100],14/02/2022 14:20:10
[-69, -66, -100, -79, -100],14/02/2022 14:20:15
[-67, -69, -100, -80, -100],14/02/2022 14:20:19
[-69, -66, -100, -81, -100],14/02/2022 14:20:23
[-68, -62, -100, -89, -90],14/02/2022 14:20:27
[-70, -63, -100, -80, -89],14/02/2022 14:20:31
[-68, -63, -100, -85, -100],14/02/2022 14:20:35
[-67, -85, -100, -90, -100],14/02/2022 14:20:40
[-67, -89, -100, -82, -100],14/02/2022 14:20:44
[-67, -64, -100, -86, -100],14/02/2022 14:20:48
[-69, -63, -100, -80, -88],14/02/2022 14:20:52
[-67, -66, -100, -78, -89],14/02/2022 14:20:56
[-68, -68, -100, -79, -90],14/02/2022 14:21:00
[-67, -66, -100, -82, -88],14/02/2022 14:21:05
[-70, -65, -100, -80, -90],14/02/2022 14:21:09
[-68, -63, -100, -85, -100],14/02/2022 14:21:13
[-67, -63, -100, -78, -100],14/02/2022 14:21:17
[-68, -63, -100, -83, -90],14/02/2022 14:21:21
[-69, -64, -100, -86, -89],14/02/2022 14:21:25
[-67, -64, -100, -77, -100],14/02/2022 14:21:30
[-69, -65, -100, -80, -100],14/02/2022 14:21:34
[-68, -64, -100, -83, -100],14/02/2022 14:21:38
[-69, -66, -100, -91, -100],14/02/2022 14:21:42
[-68, -66, -100, -80, -100],14/02/2022 14:21:46
[-69, -62, -100, -80, -87],14/02/2022 14:21:50
[-66, -63, -100, -81, -100],14/02/2022 14:21:55
[-100, -87, -100, -81, -100],14/02/2022 14:21:59
[-69, -64, -100, -81, -100],14/02/2022 14:22:03
[-67, -61, -100, -80, -100],14/02/2022 14:22:07
[-68, -63, -100, -83, -100],14/02/2022 14:22:11
[-69, -63, -100, -80, -89],14/02/2022 14:22:15
[-68, -66, -100, -81, -88],14/02/2022 14:22:20
[-70, -66, -100, -82, -100],14/02/2022 14:22:24
[-70, -87, -100, -80, -100],14/02/2022 14:22:28
[-66, -65, -100, -79, -100],14/02/2022 14:22:32
[-66, -63, -100, -80, -88],14/02/2022 14:22:36
[-67, -62, -100, -88, -100],14/02/2022 14:22:40
[-67, -63, -100, -80, -100],14/02/2022 14:22:44
[-66, -66, -100, -89, -100],14/02/2022 14:22:49
[-66, -65, -100, -84, -100],14/02/2022 14:22:53
[-69, -63, -100, -88, -100],14/02/2022 14:22:57
[-67, -64, -100, -83, -100],14/02/2022 14:23:01
[-67, -100, -100, -89, -87],14/02/2022 14:23:05
[-68, -100, -100, -80, -100],14/02/2022 14:23:09
[-67, -64, -100, -84, -100],14/02/2022 14:23:13
[-68, -64, -100, -81, -100],14/02/2022 14:23:18
[-67, -66, -100, -81, -100],14/02/2022 14:23:22
[-67, -66, -100, -90, -100],14/02/2022 14:23:26
[-67, -65, -100, -87, -88],14/02/2022 14:23:30
[-67, -66, -100, -88, -90],14/02/2022 14:23:34
[-66, -66, -100, -89, -88],14/02/2022 14:23:38
[-67, -64, -100, -88, -100],14/02/2022 14:23:43
[-66, -63, -100, -83, -100],14/02/2022 14:23:47
[-67, -64, -100, -84, -100],14/02/2022 14:23:51
[-68, -66, -100, -81, -100],14/02/2022 14:23:55
[-68, -64, -100, -80, -89],14/02/2022 14:23:59
[-67, -63, -100, -81, -87],14/02/2022 14:24:04
[-69, -66, -100, -90, -100],14/02/2022 14:24:08
[-68, -66, -100, -85, -92],14/02/2022 14:24:12
[-67, -66, -100, -89, -100],14/02/2022 14:24:16
[-66, -65, -100, -89, -100],14/02/2022 14:24:20
[-71, -85, -100, -80, -100],14/02/2022 14:24:24
[-67, -63, -100, -82, -100],14/02/2022 14:24:28
[-67, -63, -100, -81, -100],14/02/2022 14:24:32
[-68, -64, -100, -80, -89],14/02/2022 14:24:37
[-68, -63, -100, -78, -100],14/02/2022 14:24:41
[-67, -65, -100, -82, -90],14/02/2022 14:24:45
[-72, -65, -100, -85, -100],14/02/2022 14:24:49
[-70, -64, -100, -84, -90],14/02/2022 14:24:53
[-68, -65, -100, -88, -91],14/02/2022 14:24:58
[-69, -66, -100, -80, -96],14/02/2022 14:25:02
[-70, -64, -100, -83, -100],14/02/2022 14:25:06
[-67, -82, -100, -80, -87],14/02/2022 14:25:10
[-70, -64, -100, -79, -89],14/02/2022 14:25:14
[-68, -78, -100, -80, -100],14/02/2022 14:25:18
[-69, -64, -100, -80, -100],14/02/2022 14:25:22
[-70, -65, -100, -83, -87],14/02/2022 14:25:27
[-70, -65, -100, -79, -100],14/02/2022 14:25:31
[-70, -64, -100, -82, -89],14/02/2022 14:25:35
[-67, -64, -100, -90, -100],14/02/2022 14:25:39
[-68, -64, -100, -81, -90],14/02/2022 14:25:43
[-68, -80, -100, -82, -100],14/02/2022 14:25:47
[-65, -62, -100, -81, -100],14/02/2022 14:25:52
[-72, -63, -100, -80, -100],14/02/2022 14:25:56
[-65, -63, -100, -80, -94],14/02/2022 14:26:00
[-68, -65, -100, -83, -86],14/02/2022 14:26:04
[-64, -83, -100, -80, -88],14/02/2022 14:26:08
[-69, -64, -100, -90, -100],14/02/2022 14:26:12
[-69, -63, -100, -79, -100],14/02/2022 14:26:17
[-67, -63, -100, -80, -100],14/02/2022 14:26:21
[-69, -64, -100, -83, -90],14/02/2022 14:26:25
[-67, -64, -100, -83, -100],14/02/2022 14:26:29
[-70, -63, -100, -85, -88],14/02/2022 14:26:33
[-69, -64, -100, -87, -100],14/02/2022 14:26:37
[-70, -64, -100, -92, -100],14/02/2022 14:26:42
[-71, -84, -100, -81, -100],14/02/2022 14:26:46
[-67, -64, -100, -82, -100],14/02/2022 14:26:50
[-69, -64, -100, -79, -100],14/02/2022 14:26:54
[-100, -64, -100, -80, -91],14/02/2022 14:26:58
[-68, -64, -100, -81, -90],14/02/2022 14:27:02
[-70, -63, -100, -80, -93],14/02/2022 14:27:07
[-69, -65, -100, -85, -90],14/02/2022 14:27:11
[-66, -63, -100, -85, -100],14/02/2022 14:27:15
[-68, -64, -100, -79, -100],14/02/2022 14:27:19
[-70, -64, -100, -85, -100],14/02/2022 14:27:23
[-71, -82, -100, -82, -89],14/02/2022 14:27:27
[-68, -66, -100, -80, -100],14/02/2022 14:27:32
[-71, -80, -100, -80, -100],14/02/2022 14:27:36
[-69, -63, -100, -90, -100],14/02/2022 14:27:40
[-71, -63, -100, -90, -88],14/02/2022 14:27:44
[-71, -65, -100, -90, -100],14/02/2022 14:27:48
[-71, -62, -100, -82, -100],14/02/2022 14:27:52
[-68, -63, -100, -89, -89],14/02/2022 14:27:56
[-71, -63, -100, -83, -100],14/02/2022 14:28:01
[-71, -65, -100, -82, -90],14/02/2022 14:28:05
[-70, -63, -100, -84, -100],14/02/2022 14:28:09
[-70, -65, -100, -80, -89],14/02/2022 14:28:13
[-70, -61, -100, -88, -100],14/02/2022 14:28:18
[-70, -63, -100, -80, -100],14/02/2022 14:28:22
[-71, -63, -100, -82, -100],14/02/2022 14:28:26
[-70, -82, -100, -88, -100],14/02/2022 14:28:30
[-70, -63, -100, -80, -100],14/02/2022 14:28:34
[-69, -83, -100, -84, -100],14/02/2022 14:28:38
[-69, -65, -100, -81, -87],14/02/2022 14:28:42
[-69, -82, -100, -80, -89],14/02/2022 14:28:46
[-69, -62, -100, -81, -91],14/02/2022 14:28:51
[-68, -80, -100, -84, -100],14/02/2022 14:28:55
[-69, -84, -100, -88, -100],14/02/2022 14:28:59
[-70, -63, -100, -85, -88],14/02/2022 14:29:03
[-69, -66, -100, -79, -100],14/02/2022 14:29:07
[-70, -64, -100, -79, -90],14/02/2022 14:29:11
[-72, -82, -100, -82, -90],14/02/2022 14:29:16
[-71, -81, -100, -80, -100],14/02/2022 14:29:20
[-71, -65, -100, -100, -87],14/02/2022 14:29:24
[-70, -84, -100, -80, -100],14/02/2022 14:29:28
[-69, -62, -100, -88, -88],14/02/2022 14:29:32
[-70, -65, -100, -87, -89],14/02/2022 14:29:37
[-70, -65, -100, -82, -95],14/02/2022 14:29:41
[-70, -65, -100, -80, -88],14/02/2022 14:29:45
[-70, -65, -100, -82, -100],14/02/2022 14:29:49
[-71, -65, -100, -82, -100],14/02/2022 14:29:53
[-71, -62, -100, -85, -93],14/02/2022 14:29:57
[-72, -63, -100, -82, -87],14/02/2022 14:30:01
[-69, -62, -100, -80, -98],14/02/2022 14:30:06
[-69, -62, -100, -90, -89],14/02/2022 14:30:10
[-69, -65, -100, -83, -88],14/02/2022 14:30:14
[-72, -63, -100, -85, -100],14/02/2022 14:30:18
[-72, -65, -100, -82, -90],14/02/2022 14:30:22
[-72, -65, -100, -82, -90],14/02/2022 14:30:26
[-69, -84, -100, -82, -87],14/02/2022 14:30:31
[-71, -63, -100, -79, -100],14/02/2022 14:30:35
[-69, -63, -100, -85, -90],14/02/2022 14:30:39
[-69, -63, -100, -79, -100],14/02/2022 14:30:43
[-69, -65, -100, -85, -86],14/02/2022 14:30:47
[-69, -63, -100, -82, -88],14/02/2022 14:30:51
[-69, -85, -100, -83, -89],14/02/2022 14:30:56
[-70, -63, -100, -80, -90],14/02/2022 14:31:00
[-70, -65, -100, -89, -88],14/02/2022 14:31:04
[-70, -62, -100, -82, -100],14/02/2022 14:31:08
[-70, -62, -100, -87, -86],14/02/2022 14:31:12
[-72, -65, -100, -81, -100],14/02/2022 14:31:16
[-69, -63, -100, -80, -88],14/02/2022 14:31:21
[-69, -65, -100, -90, -100],14/02/2022 14:31:25
[-70, -65, -100, -85, -88],14/02/2022 14:31:29
[-69, -63, -100, -82, -100],14/02/2022 14:31:33
[-100, -63, -100, -82, -100],14/02/2022 14:31:37
[-70, -62, -100, -82, -100],14/02/2022 14:31:41
[-69, -63, -100, -82, -88],14/02/2022 14:31:46
[-70, -63, -100, -82, -87],14/02/2022 14:31:50
[-71, -65, -100, -80, -89],14/02/2022 14:31:54
[-69, -100, -100, -100, -91],14/02/2022 14:31:58
[-69, -64, -100, -82, -90],14/02/2022 14:32:02
[-69, -64, -100, -80, -88],14/02/2022 14:32:06
[-69, -65, -100, -81, -86],14/02/2022 14:32:11
[-71, -65, -100, -82, -100],14/02/2022 14:32:15
[-71, -65, -100, -81, -100],14/02/2022 14:32:19
[-100, -84, -100, -81, -100],14/02/2022 14:32:23
[-69, -65, -100, -83, -88],14/02/2022 14:32:27
[-69, -81, -100, -81, -88],14/02/2022 14:32:31
[-69, -63, -100, -79, -100],14/02/2022 14:32:36
[-72, -63, -100, -82, -87],14/02/2022 14:32:40
[-69, -64, -100, -85, -87],14/02/2022 14:32:44
[-70, -63, -100, -81, -100],14/02/2022 14:32:48
[-70, -82, -100, -79, -88],14/02/2022 14:32:52
[-70, -64, -100, -81, -90],14/02/2022 14:32:56
[-70, -86, -100, -100, -88],14/02/2022 14:33:00
[-69, -65, -100, -81, -87],14/02/2022 14:33:05
[-71, -64, -100, -80, -90],14/02/2022 14:33:09
[-70, -64, -100, -89, -100],14/02/2022 14:33:13
[-71, -63, -100, -80, -100],14/02/2022 14:33:17
[-69, -63, -100, -81, -100],14/02/2022 14:33:21
[-70, -62, -100, -80, -88],14/02/2022 14:33:25
[-70, -83, -100, -83, -100],14/02/2022 14:33:30
[-71, -66, -100, -80, -100],14/02/2022 14:33:34
[-70, -90, -100, -89, -100],14/02/2022 14:33:38
[-69, -63, -100, -79, -100],14/02/2022 14:33:42
[-72, -63, -100, -100, -100],14/02/2022 14:33:46
[-72, -65, -100, -90, -87],14/02/2022 14:33:50
[-69, -62, -100, -87, -100],14/02/2022 14:33:55
[-69, -64, -100, -88, -100],14/02/2022 14:33:59
[-69, -63, -100, -92, -100],14/02/2022 14:34:03
[-69, -64, -100, -79, -88],14/02/2022 14:34:07
[-70, -66, -100, -81, -100],14/02/2022 14:34:11
[-71, -63, -100, -80, -100],14/02/2022 14:34:15
[-72, -66, -100, -82, -100],14/02/2022 14:34:20
[-71, -66, -100, -81, -100],14/02/2022 14:34:24
[-72, -63, -100, -88, -100],14/02/2022 14:34:28
[-72, -64, -100, -81, -100],14/02/2022 14:34:32
[-69, -63, -100, -79, -100],14/02/2022 14:34:36
[-73, -66, -100, -88, -100],14/02/2022 14:34:40
[-69, -63, -100, -79, -88],14/02/2022 14:34:45
[-69, -100, -100, -82, -100],14/02/2022 14:34:49
[-69, -65, -100, -90, -100],14/02/2022 14:34:53
[-69, -63, -100, -79, -85],14/02/2022 14:34:57
[-69, -66, -100, -84, -89],14/02/2022 14:35:01
[-71, -66, -100, -100, -87],14/02/2022 14:35:05
[-72, -63, -100, -80, -86],14/02/2022 14:35:09
[-69, -67, -100, -82, -90],14/02/2022 14:35:14
[-68, -82, -100, -82, -100],14/02/2022 14:35:18
[-71, -66, -100, -81, -100],14/02/2022 14:35:22
[-72, -64, -100, -82, -100],14/02/2022 14:35:26
[-71, -66, -100, -83, -100],14/02/2022 14:35:30
[-69, -63, -100, -78, -86],14/02/2022 14:35:35
[-72, -63, -100, -79, -100],14/02/2022 14:35:39
[-72, -63, -100, -100, -100],14/02/2022 14:35:43
[-68, -65, -100, -80, -100],14/02/2022 14:35:47
[-72, -65, -100, -83, -100],14/02/2022 14:35:51
[-68, -64, -100, -87, -87],14/02/2022 14:35:55
[-69, -65, -100, -78, -86],14/02/2022 14:35:59
[-71, -63, -100, -88, -100],14/02/2022 14:36:04
[-70, -64, -100, -88, -87],14/02/2022 14:36:08
[-69, -64, -100, -79, -89],14/02/2022 14:36:12
[-100, -64, -100, -86, -100],14/02/2022 14:36:16
[-68, -63, -100, -86, -100],14/02/2022 14:36:20
[-72, -63, -100, -81, -88],14/02/2022 14:36:24
[-69, -65, -100, -82, -100],14/02/2022 14:36:29
[-75, -77, -100, -83, -91],14/02/2022 14:36:33
[-72, -62, -100, -81, -100],14/02/2022 14:36:37
[-73, -79, -100, -79, -100],14/02/2022 14:36:41
[-71, -62, -100, -100, -100],14/02/2022 14:36:46
[-68, -62, -100, -81, -100],14/02/2022 14:36:49
[-68, -64, -100, -82, -100],14/02/2022 14:36:54
[-71, -62, -100, -81, -89],14/02/2022 14:36:58
[-69, -82, -100, -86, -100],14/02/2022 14:37:02
[-70, -66, -100, -84, -100],14/02/2022 14:37:06
[-69, -80, -100, -80, -89],14/02/2022 14:37:10
[-72, -65, -100, -87, -100],14/02/2022 14:37:14
[-69, -87, -100, -100, -100],14/02/2022 14:37:19
[-69, -64, -100, -86, -87],14/02/2022 14:37:23
[-68, -65, -100, -87, -100],14/02/2022 14:37:27
[-69, -65, -100, -86, -100],14/02/2022 14:37:31
[-69, -62, -100, -79, -100],14/02/2022 14:37:35
[-67, -63, -100, -89, -100],14/02/2022 14:37:39
[-69, -66, -100, -82, -100],14/02/2022 14:37:44
[-69, -84, -100, -84, -88],14/02/2022 14:37:48
[-68, -86, -100, -82, -89],14/02/2022 14:37:52
[-71, -85, -100, -100, -100],14/02/2022 14:37:56
[-69, -65, -100, -80, -100],14/02/2022 14:38:00
[-69, -62, -100, -82, -88],14/02/2022 14:38:04
[-68, -66, -100, -83, -87],14/02/2022 14:38:09
[-100, -63, -100, -100, -100],14/02/2022 14:38:13
[-71, -66, -100, -100, -100],14/02/2022 14:38:17
[-69, -63, -100, -80, -100],14/02/2022 14:38:21
[-70, -84, -100, -89, -100],14/02/2022 14:38:25
[-68, -63, -100, -79, -88],14/02/2022 14:38:30
[-72, -84, -100, -80, -100],14/02/2022 14:38:34
[-74, -62, -100, -82, -100],14/02/2022 14:38:38
[-73, -63, -100, -84, -100],14/02/2022 14:38:42
[-68, -66, -100, -81, -100],14/02/2022 14:38:46
[-70, -63, -100, -80, -100],14/02/2022 14:38:50
[-68, -63, -100, -81, -100],14/02/2022 14:38:54
[-73, -63, -100, -81, -89],14/02/2022 14:38:59
[-72, -63, -100, -81, -89],14/02/2022 14:39:03
[-67, -65, -100, -81, -87],14/02/2022 14:39:07
[-71, -85, -100, -100, -100],14/02/2022 14:39:11
[-68, -63, -100, -93, -100],14/02/2022 14:39:15
[-69, -63, -100, -80, -89],14/02/2022 14:39:19
[-69, -65, -100, -82, -100],14/02/2022 14:39:23
[-68, -61, -100, -81, -100],14/02/2022 14:39:28
[-71, -65, -100, -79, -100],14/02/2022 14:39:32
[-72, -66, -100, -81, -100],14/02/2022 14:39:36
[-70, -63, -100, -81, -90],14/02/2022 14:39:40
[-70, -63, -100, -89, -90],14/02/2022 14:39:44
[-71, -64, -100, -80, -89],14/02/2022 14:39:48
[-72, -63, -100, -81, -89],14/02/2022 14:39:53
[-69, -66, -100, -82, -100],14/02/2022 14:39:57
[-67, -65, -100, -80, -100],14/02/2022 14:40:01
[-68, -66, -100, -81, -100],14/02/2022 14:40:05
[-69, -65, -100, -83, -100],14/02/2022 14:40:09
[-71, -66, -100, -79, -100],14/02/2022 14:40:13
[-69, -63, -100, -82, -100],14/02/2022 14:40:18
[-70, -62, -100, -82, -90],14/02/2022 14:40:22
[-69, -76, -100, -82, -100],14/02/2022 14:40:26
[-70, -63, -100, -82, -100],14/02/2022 14:40:30
[-69, -63, -100, -81, -90],14/02/2022 14:40:34
[-71, -64, -100, -80, -100],14/02/2022 14:40:38
[-68, -65, -100, -81, -100],14/02/2022 14:40:43
[-68, -65, -100, -100, -89],14/02/2022 14:40:47
[-68, -65, -100, -97, -100],14/02/2022 14:40:51
[-71, -62, -100, -91, -88],14/02/2022 14:40:55
[-68, -62, -100, -93, -100],14/02/2022 14:41:00
[-68, -64, -100, -78, -100],14/02/2022 14:41:03
[-67, -62, -100, -93, -100],14/02/2022 14:41:07
[-68, -63, -100, -81, -100],14/02/2022 14:41:12
[-69, -65, -100, -80, -100],14/02/2022 14:41:16
[-71, -65, -100, -84, -100],14/02/2022 14:41:20
[-71, -62, -100, -92, -100],14/02/2022 14:41:24
[-67, -66, -100, -81, -100],14/02/2022 14:41:28
[-68, -86, -100, -81, -88],14/02/2022 14:41:33
[-68, -63, -100, -82, -100],14/02/2022 14:41:37
[-70, -64, -100, -90, -100],14/02/2022 14:41:41
[-68, -65, -100, -91, -100],14/02/2022 14:41:45
[-71, -62, -100, -82, -100],14/02/2022 14:41:49
[-72, -81, -100, -80, -90],14/02/2022 14:41:53
[-68, -76, -100, -80, -100],14/02/2022 14:41:58
[-69, -79, -100, -82, -89],14/02/2022 14:42:02
[-68, -64, -100, -80, -100],14/02/2022 14:42:06
[-71, -82, -100, -78, -100],14/02/2022 14:42:10
[-70, -62, -100, -79, -90],14/02/2022 14:42:14
[-68, -63, -100, -79, -90],14/02/2022 14:42:18
[-69, -62, -100, -81, -89],14/02/2022 14:42:23
[-68, -63, -100, -79, -100],14/02/2022 14:42:27
[-71, -63, -100, -82, -100],14/02/2022 14:42:31
[-71, -64, -100, -83, -86],14/02/2022 14:42:35
[-69, -82, -100, -83, -100],14/02/2022 14:42:39
[-71, -64, -100, -80, -100],14/02/2022 14:42:43
[-69, -66, -100, -83, -86],14/02/2022 14:42:48
[-71, -66, -100, -80, -88],14/02/2022 14:42:52
[-70, -63, -100, -80, -100],14/02/2022 14:42:56
[-72, -66, -100, -79, -89],14/02/2022 14:43:00
[-69, -65, -100, -80, -91],14/02/2022 14:43:04
[-68, -66, -100, -93, -100],14/02/2022 14:43:08
[-70, -87, -100, -88, -100],14/02/2022 14:43:13
[-69, -83, -100, -81, -87],14/02/2022 14:43:17
[-70, -64, -100, -83, -100],14/02/2022 14:43:21
[-68, -63, -100, -79, -100],14/02/2022 14:43:25
[-71, -63, -100, -80, -87],14/02/2022 14:43:29
[-70, -65, -100, -83, -100],14/02/2022 14:43:33
[-69, -65, -100, -81, -90],14/02/2022 14:43:38
[-71, -65, -100, -82, -88],14/02/2022 14:43:42
[-72, -66, -100, -82, -89],14/02/2022 14:43:46
[-69, -62, -100, -90, -89],14/02/2022 14:43:50
[-69, -62, -100, -79, -100],14/02/2022 14:43:54
[-70, -63, -100, -79, -100],14/02/2022 14:43:58
[-69, -66, -100, -86, -100],14/02/2022 14:44:03
[-70, -66, -100, -79, -100],14/02/2022 14:44:07
[-68, -65, -100, -82, -89],14/02/2022 14:44:11
[-69, -65, -100, -82, -90],14/02/2022 14:44:15
[-69, -65, -100, -84, -86],14/02/2022 14:44:19
[-71, -63, -100, -81, -89],14/02/2022 14:44:23
[-69, -63, -100, -78, -89],14/02/2022 14:44:28
[-72, -63, -100, -79, -92],14/02/2022 14:44:32
[-69, -65, -100, -80, -100],14/02/2022 14:44:36
[-69, -63, -100, -82, -89],14/02/2022 14:44:40